it,alpha,cz_lp,cz_round,d_lp,d_round,d_lp_n,d_round_n,delta,delta_n,frac,dist,viol_max,viol_sum,feas,improving,ub,ub_eff,ub_free,z_best,stall,t
0,0,-886882877,-857846052.3,-418465993.6,-389429169,-0.75,-0.6979584511,29036824.64,0.05204154893,382.2796228,382.2796228,8.326885,15.452045,0,0,-468416883.3,0,1,0,0,0.0005922317505
1,0,-666444859.1,-608046530.9,-198027975.8,-139629647.6,-0.3549176853,-0.2502526783,58398328.2,0.104665007,230.0838425,230.0838425,2.36301,8.593205,0,0,-468416883.3,-468416883.3,0,0,1,1.402770758
2,0,-501337533.7,-549088086.8,-32920650.35,-80671203.5,-0.05900237568,-0.1445837978,-47750553.15,-0.08558142217,80.54306602,80.54306602,1.95491,5.110445,0,0,-468416883.3,-468416883.3,0,0,2,1.928386688
3,0,-468416883.3,-547856084.9,1.788139343e-07,-79439201.54,3.20481121e-16,-0.1423757296,-79439201.54,-0.1423757296,43.21870081,43.21870081,0.49957,1.60994,0,0,-468416883.3,-468416883.3,0,0,3,2.081830263
4,0,-483415243.8,-546400261.9,-14998360.52,-77983378.6,-0.02688096658,-0.1397665159,-62985018.08,-0.1128855493,40.48275804,40.98465128,1,14.652145,0,0,-468416883.3,-468416883.3,0,0,4,2.175813198
5,0,-468416883.3,-525684220.9,1.192092896e-07,-57267337.61,2.136540807e-16,-0.1026379774,-57267337.61,-0.1026379774,17.90123819,17.90123819,0.401,1.042305,0,0,-468416883.3,-468416883.3,0,0,5,2.267462254
6,0,-468416883.3,-524975182.6,4.768371582e-07,-56558299.28,8.546163227e-16,-0.1013671961,-56558299.28,-0.1013671961,16.48257518,16.48257518,0.57296,1.042305,0,0,-468416883.3,-468416883.3,0,0,6,2.30706501
7,0,-470408041.9,-523722546.8,-1991158.616,-55305663.51,-0.0035686746,-0.09912214676,-53314504.9,-0.09555347216,15.79427508,15.79427508,0.57296,1.149795,0,0,-468416883.3,-468416883.3,0,0,7,2.338633776
8,0,-470489481.2,-466592674.1,-2072597.91,1824209.179,-0.003714635014,0.003269457745,3896807.088,0.006984092759,15.38196644,19.10885348,1,7.417845,0,0,-468416883.3,-468416883.3,0,0,8,2.370245695
9,0,-468416883.3,-465755758.3,5.960464478e-08,2661124.98,1.068270403e-16,0.004769428736,2661124.98,0.004769428736,6.305971084,6.305971084,0.10858,0.417845,0,0,-468416883.3,-468416883.3,0,0,9,2.39434433
10,0,-468416883.3,-477566448.2,0,-9149564.925,0,-0.01639840225,-9149564.925,-0.01639840225,6.142082635,10.37894416,1,1.769925,0,0,-468416883.3,-468416883.3,0,0,10,2.414376974
11,0,-471586478.6,-476391340.1,-3169595.262,-7974456.751,-0.00568073985,-0.01429230249,-4804861.49,-0.008611562641,4.188903918,4.188903918,0.10858,0.280655,0,0,-468416883.3,-468416883.3,0,0,11,2.441200495
12,0,-471872201.3,-446041791.9,-3455317.947,22375091.41,-0.006192829284,0.04010198872,25830409.36,0.04629481801,4.050583715,24.9736857,1,3.866485,0,0,-468416883.3,-468416883.3,0,0,12,2.458955526
13,0,-468416883.3,-472924694.9,5.36441803e-07,-4507811.586,9.61443363e-16,-0.008079171882,-4507811.586,-0.008079171882,3.621675027,3.621675027,0.12501,0.298515,0,0,-468416883.3,-468416883.3,0,0,13,2.489837885
14,0,-470474589.5,-468376839.3,-2057706.175,40044.06943,-0.003687945148,7.176939711e-05,2097750.244,0.003759714545,1.754109834,1.754109834,0.10701,0.173505,0,0,-468416883.3,-468416883.3,0,0,14,2.524122
15,0,-469578484.6,-454449217.1,-1161601.265,13967666.21,-0.002081891867,0.02503369406,15129267.48,0.02711558593,1.557070838,22.44292916,1,92.4165,0,0,-468416883.3,-468416883.3,0,0,15,2.540678263
16,0,-468416883.3,-470870175.2,1.788139343e-07,-2453291.883,3.20481121e-16,-0.004396937721,-2453291.883,-0.004396937721,3.64932777,3.64932777,0.13687,0.27199,0,0,-468416883.3,-468416883.3,0,0,16,2.562901735
17,0,-468416883.3,-466329811.4,3.576278687e-07,2087071.901,6.40962242e-16,0.003740576175,2087071.901,0.003740576175,1.446109545,1.446109545,0.05439,0.10567,0,0,-468416883.3,-468416883.3,0,0,17,2.603519678
18,0,-468416883.3,-477282605.6,3.576278687e-07,-8865722.249,6.40962242e-16,-0.01588968229,-8865722.249,-0.01588968229,1.168886484,18.83111352,1,72.06576,0,0,-468416883.3,-468416883.3,0,0,18,2.630941629
19,0,-477308173.4,-474966504.3,-8891290.127,-6549621.028,-0.01593550658,-0.01173862595,2341669.099,0.004196880634,2.57005512,2.57005512,0.10701,0.176075,0,0,-468416883.3,-468416883.3,0,0,19,2.649554491
20,0,-474126403.6,-473666019.4,-5709520.314,-5249136.119,-0.01023294676,-0.009407818434,460384.1948,0.0008251283291,1.40433339,8.59566661,1,3.754025,0,0,-468416883.3,-468416883.3,0,0,20,2.667668819
21,0,-475590469.4,-475511105.7,-7173586.08,-7094222.345,-0.01285693376,-0.01271469328,79363.73472,0.0001422404734,2.317177361,2.317177361,0.05439,0.123455,0,0,-468416883.3,-468416883.3,0,0,21,2.685126781
22,0,-473390274.9,-479014415.7,-4973391.618,-10597532.4,-0.008913612505,-0.01899353692,-5624140.779,-0.01007992441,1.109757623,13.89024238,1,57.91542,0,0,-468416883.3,-468416883.3,0,0,22,2.704001427
23,0,-475787395.1,-474120714.6,-7370511.749,-5703831.284,-0.01320987582,-0.01022275054,1666680.465,0.00298712528,3.561341005,3.561341005,0.15257,0.434075,0,0,-468416883.3,-468416883.3,0,0,23,2.720831633
24,0,-476283306.6,-474231802.2,-7866423.244,-5814918.858,-0.01409867832,-0.01042184839,2051504.386,0.003676829928,2.441826009,7.670096849,1,2.891195,0,0,-468416883.3,-468416883.3,0,0,24,2.737784863
25,0,-474026716.3,-475259332.5,-5609833.003,-6842449.165,-0.01005428115,-0.0122634502,-1232616.162,-0.00220916905,2.108895973,2.108895973,0.05439,0.13234,0,0,-468416883.3,-468416883.3,0,0,25,2.755068541
26,0,-473526198.5,-476355829.1,-5109315.224,-7938945.746,-0.00915722299,-0.01422865752,-2829630.522,-0.005071434535,1.195005884,20.80499412,1,120.69389,0,0,-468416883.3,-468416883.3,0,0,26,2.772069454
27,0,-475771941.4,-629806804.5,-7355058.121,-161389921.2,-0.0131821789,-0.2892527535,-154034863.1,-0.2760705746,3.138137363,343.8618626,1.279835,2416.66648,0,0,-468416883.3,-468416883.3,0,0,27,2.789993286
28,0,-493472627.2,-489404001.9,-25055743.83,-20987118.58,-0.04490641572,-0.03761438008,4068625.25,0.007292035634,6.675536622,6.675536622,0.08693,0.290375,0,0,-468416883.3,-468416883.3,0,0,28,2.88040781
29,0,-484418647.4,-481754710.1,-16001764.05,-13337826.76,-0.02867932692,-0.0239048578,2663937.29,0.004774469128,2.305686141,2.305686141,0.08693,0.23497,0,0,-468416883.3,-468416883.3,0,0,29,3.082959652
30,0,-481344682.1,-481083505.8,-12927798.78,-12666622.5,-0.02316998091,-0.02270188503,261176.2781,0.0004680958825,1.8948127,24.1051873,1,126.79449,0,0,-468416883.3,-468416883.3,0,0,30,3.100126028
31,0,-481303606.8,-477794435.9,-12886723.51,-9377552.534,-0.02309636334,-0.0168070154,3509170.98,0.006289347939,5.48974925,5.48974925,0.30455,0.551355,0,0,-468416883.3,-468416883.3,0,0,31,3.123752832
32,0,-482476591.6,-491478122.9,-14059708.27,-23061239.61,-0.0251986574,-0.04133174493,-9001531.34,-0.01613308753,4.991589822,23.00841018,1,130.816015,0,0,-468416883.3,-468416883.3,0,0,32,3.144236565
33,0,-469729326.7,-475447169,-1312443.38,-7030285.642,-0.002352240205,-0.01260010207,-5717842.262,-0.01024786186,2.482481696,2.482481696,0.06198,0.219025,0,0,-468416883.3,-468416883.3,0,0,33,3.16832757
34,0,-473015233.7,-475679540.4,-4598350.414,-7262657.029,-0.008241441032,-0.01301657209,-2664306.615,-0.004775131055,1.603776956,1.603776956,0.06135,0.213465,0,0,-468416883.3,-468416883.3,0,0,34,3.185415506
35,0,-473000211.6,-472910451.9,-4583328.232,-4493568.551,-0.008214517371,-0.008053644656,89759.68108,0.0001608727157,1.566593904,25.4334061,1,114.6358,0,0,-468416883.3,-468416883.3,0,0,35,3.202427864
36,0,-468416883.3,-472439434.3,-1.788139343e-07,-4022551.027,-3.20481121e-16,-0.007209458632,-4022551.027,-0.007209458632,4.916988895,4.916988895,0.18683,0.45822,0,0,-468416883.3,-468416883.3,0,0,36,3.223543644
37,0,-468416883.3,-468589542.1,-5.960464478e-08,-172658.7705,-1.068270403e-16,-0.000309449465,-172658.7705,-0.000309449465,2.926400509,2.926400509,0.1382,0.31142,0,0,-468416883.3,-468416883.3,0,0,37,3.248444796
38,0,-468416883.3,-480042343.2,-5.960464478e-08,-11625459.87,-1.068270403e-16,-0.02083585056,-11625459.87,-0.02083585056,2.38481431,14.61518569,1,39.94943,0,0,-468416883.3,-468416883.3,0,0,38,3.273318529
39,0,-468497002.3,-468371936.6,-80118.98199,44946.75457,-0.0001435940731,8.05562852e-05,125065.7366,0.0002241503583,2.404979676,2.404979676,0.08847,0.23961,0,0,-468416883.3,-468416883.3,0,0,39,3.296658993
40,0,-468997102.1,-478187599.6,-580218.7315,-9770716.237,-0.001039903015,-0.01751166711,-9190497.505,-0.01647176409,2.029498333,23.97050167,1,103.180345,0,0,-468416883.3,-468416883.3,0,0,40,3.315545321
41,0,-468416883.3,-467845481.5,5.960464478e-08,571401.8485,1.068270403e-16,0.001024100866,571401.8485,0.001024100866,2.792941189,2.792941189,0.027825,0.07643,0,0,-468416883.3,-468416883.3,0,0,41,3.342604876
42,0,-468416883.3,-496267680.5,5.960464478e-08,-27850797.18,1.068270403e-16,-0.04991587895,-27850797.18,-0.04991587895,0.6732278937,28.32677211,1,105.66291,0,0,-468416883.3,-468416883.3,0,0,42,3.36841774
43,0,-471619126.8,-477526212.4,-3202243.44,-9109329.055,-0.005739253886,-0.0163262891,-5907085.615,-0.01058703522,2.636533946,2.636533946,0.063475,0.24624,0,0,-468416883.3,-468416883.3,0,0,43,3.405755997
44,0,-476883786.4,-463708707.1,-8466903.048,4708176.241,-0.01517489445,0.008438277505,13175079.29,0.02361317196,2.06112661,23.93887339,1,113.71292,0,0,-468416883.3,-468416883.3,0,0,44,3.423926353
45,0,-468609764.8,-470263851.9,-192881.4636,-1846968.617,-0.0003456937957,-0.003310248584,-1654087.154,-0.002964554789,1.941073021,1.941073021,0.04097,0.154175,0,0,-468416883.3,-468416883.3,0,0,45,3.443920851
46,0,-470696232.7,-470354686.9,-2279349.407,-1937803.572,-0.004085187521,-0.003473048469,341545.8357,0.0006121390523,1.058468131,26.94153187,1,121.114955,0,0,-468416883.3,-468416883.3,0,0,46,3.465353251
47,0,-472083620.1,-468678878.8,-3666736.759,-261995.4284,-0.006571746836,-0.000469564013,3404741.331,0.006102182823,2.260508306,2.260508306,0.069565,0.19093,0,0,-468416883.3,-468416883.3,0,0,47,3.489113808
48,0,-468859569.7,-467388799.7,-442686.4147,1028083.631,-0.0007934092998,0.001842593509,1470770.046,0.002636002809,1.562449088,22.43755091,1,121.848035,0,0,-468416883.3,-468416883.3,0,0,48,3.506783485
49,0,-468416883.3,-469338652.5,5.960464478e-08,-921769.1756,1.068270403e-16,-0.001652050327,-921769.1756,-0.001652050327,1.409053344,1.409053344,0.062325,0.151165,0,0,-468416883.3,-468416883.3,0,0,49,3.525424242
50,0,-468416883.3,-462629880.9,-5.960464478e-08,5787002.468,-1.068270403e-16,0.01037181495,5787002.468,0.01037181495,0.8881907562,28.11180924,1,162.674565,0,0,-468416883.3,-468416883.3,0,0,50,3.547267199
51,0,-468416883.3,-468596585.3,5.960464478e-08,-179701.9948,1.068270403e-16,-0.0003220727565,-179701.9948,-0.0003220727565,1.954626332,1.954626332,0.027825,0.07144,0,0,-468416883.3,-468416883.3,0,0,51,3.56826663
52,0,-468416883.3,-477392283,1.192092896e-07,-8975399.68,2.136540807e-16,-0.0160862528,-8975399.68,-0.0160862528,0.6270952685,16.37290473,1,82.24736,0,0,-468416883.3,-468416883.3,0,0,52,3.594309807
53,0,-474915575.5,-473974584.8,-6498692.137,-5557701.505,-0.01164734812,-0.009960847935,940990.6322,0.001686500181,1.406509273,1.406509273,0.027825,0.04358,0,0,-468416883.3,-468416883.3,0,0,53,3.614762783
54,0,-473875967.4,-470977692.5,-5459084.103,-2560809.152,-0.009784099878,-0.004589636656,2898274.951,0.005194463222,0.3617681325,14.63823187,1,78.34463,0,0,-468416883.3,-468416883.3,0,0,54,3.632175684
55,0,-469753070.4,-469906272.8,-1336187.032,-1489389.523,-0.002394795011,-0.002669373759,-153202.4918,-0.0002745787485,0.9389788063,0.9389788063,0.027825,0.049905,0,0,-468416883.3,-468416883.3,0,0,55,3.648845434
56,0,-469958092.3,-476459040.8,-1541209.016,-8042157.492,-0.00276224778,-0.01441363984,-6500948.475,-0.01165139206,0.4169745565,19.58302544,1,122.485805,0,0,-468416883.3,-468416883.3,0,0,56,3.665667057
57,0,-474997525.3,-575777552.5,-6580642.009,-107360669.2,-0.01179422362,-0.1924182685,-100780027.2,-0.1806240449,1.370592667,342.6294073,1.161125,2253.263975,0,0,-468416883.3,-468416883.3,0,0,57,3.682451248
58,0,-468416883.3,-458232467.8,1.788139343e-07,10184415.47,3.20481121e-16,0.01825312384,10184415.47,0.01825312384,6.870360494,6.870360494,0.128815,0.26998,0,0,-468416883.3,-468416883.3,0,0,58,3.766253233
59,0,-468416883.3,-461229829.2,2.980232239e-07,7187054.172,5.341352017e-16,0.01288107208,7187054.172,0.01288107208,3.142925666,3.142925666,0.128815,0.21257,0,0,-468416883.3,-468416883.3,0,0,59,3.974889755
60,0,-468416883.3,-467982125.2,3.576278687e-07,434758.1278,6.40962242e-16,0.0007791997457,434758.1278,0.0007791997457,2.690418169,2.690418169,0.159775,0.33511,0,0,-468416883.3,-468416883.3,0,0,60,3.993594408
61,0,-468416883.3,-475851973.8,2.980232239e-07,-7435090.491,5.341352017e-16,-0.01332561774,-7435090.491,-0.01332561774,2.292940416,17.70705958,1,64.659335,0,0,-468416883.3,-468416883.3,0,0,61,4.012978554
62,0,-468416883.3,-474552759,2.980232239e-07,-6135875.641,5.341352017e-16,-0.0109970865,-6135875.641,-0.0109970865,2.405009533,2.405009533,0.08043,0.19289,0,0,-468416883.3,-468416883.3,0,0,62,4.034199476
63,0,-471757874.6,-471827770,-3340991.314,-3410886.702,-0.005987926196,-0.006113196928,-69895.38854,-0.0001252707321,1.035123892,1.035123892,0.044125,0.079475,0,0,-468416883.3,-468416883.3,0,0,63,4.057578564
64,0,-470761481.2,-464546748.7,-2344597.841,3870134.609,-0.004202129702,0.006936288733,6214732.45,0.01113841843,0.8531058657,16.14689413,1,95.367385,0,0,-468416883.3,-468416883.3,0,0,64,4.074202299
65,0,-468416883.3,-460799433.6,2.384185791e-07,7617449.737,4.273081613e-16,0.01365245298,7617449.737,0.01365245298,1.878893272,1.878893272,0.11484,0.245655,0,0,-468416883.3,-468416883.3,0,0,65,4.095383167
66,0,-468416883.3,-480019860.5,5.960464478e-08,-11602977.17,1.068270403e-16,-0.02079555569,-11602977.17,-0.02079555569,1.701235089,22.29876491,1,134.361745,0,0,-468416883.3,-468416883.3,0,0,66,4.113520861
67,0,-472063587.1,-470658388.4,-3646703.795,-2241505.112,-0.006535842548,-0.004017360692,1405198.683,0.002518481856,0.9758924461,0.9758924461,0.02618,0.07573,0,0,-468416883.3,-468416883.3,0,0,67,4.133759737
68,0,-471277295.1,-470819385,-2860411.786,-2402501.667,-0.005126602573,-0.004305908431,457910.1199,0.0008206941427,0.5915909228,20.40840908,1,116.82665,0,0,-468416883.3,-468416883.3,0,0,68,4.151892185
69,0,-473565497.9,-468773175.6,-5148614.623,-356292.2743,-0.009227657745,-0.0006385685092,4792322.349,0.008589089235,2.271567796,2.271567796,0.11484,0.285745,0,0,-468416883.3,-468416883.3,0,0,69,4.169440985
70,0,-471596640.1,-481931884.7,-3179756.734,-13515001.36,-0.005698951855,-0.0242224008,-10335244.62,-0.01852344894,1.507124953,16.49287505,1,113.658135,0,0,-468416883.3,-468416883.3,0,0,70,4.18773222
71,0,-479485579.7,-481365411.9,-11068696.39,-12948528.61,-0.01983798545,-0.02320713416,-1879832.22,-0.003369148715,1.457309145,1.457309145,0.1106,0.244105,0,0,-468416883.3,-468416883.3,0,0,71,4.205662012
72,0,-482082594.1,-480964801.3,-13665710.76,-12547917.99,-0.02449251128,-0.02248913565,1117792.765,0.002003375631,1.208231705,17.7917683,1,107.98262,0,0,-468416883.3,-468416883.3,0,0,72,4.222219467
73,0,-476102011.5,-470434503.2,-7685128.167,-2017619.872,-0.01377375035,-0.003616100058,5667508.295,0.01015765029,2.736395818,2.736395818,0.11484,0.3015,0,0,-468416883.3,-468416883.3,0,0,73,4.240880728
74,0,-473083786.7,-470997436.1,-4666903.35,-2580552.759,-0.008364305739,-0.00462502234,2086350.591,0.003739283399,1.59529811,19.40470189,1,119.40445,0,0,-468416883.3,-468416883.3,0,0,74,4.259925604
75,0,-477134979.8,-478813552.7,-8718096.514,-10396669.38,-0.01562509854,-0.01863353809,-1678572.862,-0.003008439551,0.8571525533,0.8571525533,0.047895,0.065285,0,0,-468416883.3,-468416883.3,0,0,75,4.278391838
76,0,-479617363.6,-487965448.6,-11200480.28,-19548565.3,-0.02007417648,-0.0350361181,-8348085.023,-0.01496194162,0.5367003166,23.46329968,1,141.598825,0,0,-468416883.3,-468416883.3,0,0,76,4.294799805
77,0,-480732502.1,-472874604.5,-12315618.73,-4457721.181,-0.0220727949,-0.007989396837,7857897.554,0.01408339807,3.307569511,3.307569511,0.12274,0.39047,0,0,-468416883.3,-468416883.3,0,0,77,4.311896086
78,0,-474139158.2,-604051775.9,-5722274.846,-135634892.6,-0.01025580621,-0.2430930374,-129912617.7,-0.2328372311,1.726756189,383.906733,1.782705,2486.228955,0,0,-468416883.3,-468416883.3,0,0,78,4.331397772
79,0,-468416883.3,-481720405.6,1.788139343e-07,-13303522.31,3.20481121e-16,-0.02384337529,-13303522.31,-0.02384337529,11.31968024,11.31968024,0.23201,0.58375,0,0,-468416883.3,-468416883.3,0,0,79,4.443855047
80,0,-480137295.4,-480122669.4,-11720412.07,-11705786.05,-0.02100602962,-0.02097981596,14626.02932,2.621365213e-05,1.655679639,1.655679639,0.05237,0.122945,0,0,-468416883.3,-468416883.3,0,0,80,4.637605667
81,0,-480321964.9,-470677057.4,-11905081.58,-2260174.058,-0.02133700544,-0.004050820305,9644907.52,0.01728618514,0.7788614723,20.22113853,1,116.530885,0,0,-468416883.3,-468416883.3,0,0,81,4.655740738
82,0,-480107206.2,-481694818.7,-11690322.85,-13277935.4,-0.02095210189,-0.02379751689,-1587612.559,-0.002845415009,1.603371429,1.603371429,0.09797,0.1453,0,0,-468416883.3,-468416883.3,0,0,82,4.674942255
83,0,-481939512.3,-486688896,-13522628.95,-18272012.65,-0.02423607143,-0.03274820343,-4749383.702,-0.008512132003,0.8761809242,17.12381908,1,89.610565,0,0,-468416883.3,-468416883.3,0,0,83,4.693346262
84,0,-483427178.3,-485054092.4,-15010295.03,-16637209.05,-0.02690235632,-0.02981820979,-1626914.027,-0.002915853472,2.10391678,2.10391678,0.15712,0.262335,0,0,-468416883.3,-468416883.3,0,0,84,4.710860252
85,0,-482085074.3,-481796306.8,-13668191,-13379423.48,-0.02449695652,-0.02397940995,288767.5219,0.0005175465742,1.453354923,25.54664508,1,155.350125,0,0,-468416883.3,-468416883.3,0,0,85,4.729276896
86,0,-485533187.6,-493299911.8,-17116304.31,-24883028.45,-0.03067687321,-0.0445968648,-7766724.147,-0.01391999159,2.489923291,2.489923291,0.08789,0.20056,0,0,-468416883.3,-468416883.3,0,0,86,4.746958256
87,0,-490928147.5,-481858723.8,-22511264.17,-13441840.44,-0.04034604575,-0.02409127739,9069423.723,0.01625476836,0.9896934346,28.01030657,1,158.756535,0,0,-468416883.3,-468416883.3,0,0,87,4.767115831
88,0,-484974268.9,-485390600.2,-16557385.61,-16973716.89,-0.0296751454,-0.03042131944,-416331.2813,-0.0007461740397,1.259704612,1.259704612,0.05962,0.21746,0,0,-468416883.3,-468416883.3,0,0,88,4.78674221
89,0,-485067445.6,-487127101.3,-16650562.32,-18710218.02,-0.02984214232,-0.03353358153,-2059655.701,-0.003691439208,1.049649667,26.95035033,1,157.170425,0,0,-468416883.3,-468416883.3,0,0,89,4.804264545
90,0,-486606295.3,-487933988.8,-18189412,-19517105.52,-0.03260016156,-0.03497973399,-1327693.522,-0.00237957243,1.315911666,1.315911666,0.10405,0.22806,0,0,-468416883.3,-468416883.3,0,0,90,4.822095633
91,0,-486748401.5,-483733729.9,-18331518.23,-15316846.54,-0.03285485291,-0.02745177643,3014671.691,0.00540307648,1.025396398,1.025396398,0.07793,0.157005,0,0,-468416883.3,-468416883.3,0,0,91,4.838918209
92,0,-484893364.4,-480436657.6,-16476481.04,-12019774.29,-0.02953014335,-0.02154256463,4456706.752,0.007987578716,0.7685167459,24.23148325,1,136.83895,0,0,-468416883.3,-468416883.3,0,0,92,4.855718374
93,0,-477277749.2,-483539625.5,-8860865.89,-15122742.14,-0.01588097843,-0.02710389082,-6261876.246,-0.01122291239,2.065893984,2.065893984,0.14333,0.26026,0,0,-468416883.3,-468416883.3,0,0,93,4.873015642
94,0,-486954489.5,-488786439.8,-18537606.14,-20369556.51,-0.03322421611,-0.03650754808,-1831950.37,-0.003283331975,0.7608093348,0.7608093348,0.07073,0.147435,0,0,-468416883.3,-468416883.3,0,0,94,4.891311407
95,0,-487278027.3,-480916739.4,-18861144.03,-12499856.1,-0.03380408022,-0.02240299622,6361287.928,0.011401084,0.7543622039,24.2456378,1,107.832975,0,0,-468416883.3,-468416883.3,0,0,95,4.908063173
96,0,-478079604.3,-477810225.8,-9662721.02,-9393342.445,-0.01731811157,-0.01683531503,269378.5747,0.0004827965333,1.393427754,1.393427754,0.08046,0.18641,0,0,-468416883.3,-468416883.3,0,0,96,4.926252842
97,0,-478288327,-478172839.6,-9871443.668,-9755956.236,-0.01769219689,-0.01748521335,115487.432,0.0002069835431,1.222332312,19.77766769,1,124.695315,0,0,-468416883.3,-468416883.3,0,0,97,4.943059683
98,0,-476118359,-469812051.8,-7701475.664,-1395168.49,-0.01380304932,-0.002500505139,6306307.174,0.01130254418,2.189895638,2.189895638,0.12512,0.274345,0,0,-468416883.3,-468416883.3,0,0,98,4.960896254
99,0,-470525059.4,-495055061.5,-2108176.046,-26638178.2,-0.003778400297,-0.04774255006,-24530002.15,-0.04396414976,1.436191132,25.56380887,1,119.006865,0,0,-468416883.3,-468416883.3,0,0,99,4.97787118
100,0,-483118846.4,-471964130.1,-14701963.05,-3547246.794,-0.02634974515,-0.006357589711,11154716.26,0.01999215544,3.392248979,3.392248979,0.2778,0.517015,0,0,-468416883.3,-468416883.3,0,0,100,4.995503426
101,0,-473247874.3,-468437781.7,-4830990.975,-20898.36109,-0.008658393481,-3.745530355e-05,4810092.614,0.008620938178,1.757488956,1.757488956,0.06962,0.204745,0,0,-468416883.3,-468416883.3,0,0,101,5.022008896
102,0,-470301025.3,-490795034.1,-1884141.977,-22378150.83,-0.003376872922,-0.04010747199,-20494008.85,-0.03673059907,1.054528106,28.94547189,1,161.453495,0,0,-468416883.3,-468416883.3,0,0,102,5.038700104
103,0,-474956574.7,-471678391.3,-6539691.352,-3261508.012,-0.01172082938,-0.005845471426,3278183.34,0.005875357957,1.505405269,1.505405269,0.12512,0.17245,0,0,-468416883.3,-468416883.3,0,0,103,5.056975842
104,0,-472822316.8,-471051055.9,-4405433.464,-2634172.543,-0.007895683636,-0.004721122953,1771260.921,0.003174560683,0.9952121109,10.00478789,1,26.628075,0,0,-468416883.3,-468416883.3,0,0,104,5.075050354
105,0,-473494213.4,-474495701.4,-5077330.11,-6078818.112,-0.00909989734,-0.01089482456,-1001488.002,-0.001794927217,1.646611923,1.646611923,0.07978,0.185575,0,0,-468416883.3,-468416883.3,0,0,105,5.092089653
106,0,-475090627.5,-490733660.6,-6673744.194,-22316777.3,-0.01196108697,-0.03999747466,-15643033.11,-0.02803638768,0.9298030696,16.07019693,1,90.342605,0,0,-468416883.3,-468416883.3,0,0,106,5.108666658
107,0,-472363304.1,-478187571.9,-3946420.729,-9770688.589,-0.007073013319,-0.01751161756,-5824267.861,-0.01043860424,2.255018484,2.255018484,0.32723,0.55039,0,0,-468416883.3,-468416883.3,0,0,107,5.129940987
108,0,-472456480.8,-462134485.1,-4039597.441,6282398.218,-0.007240010244,0.01125969311,10321995.66,0.01849970335,2.04496354,13.95503646,1,57.259105,0,0,-468416883.3,-468416883.3,0,0,108,5.146608114
109,0,-468416883.3,-467638212.8,4.172325134e-07,778670.4795,7.477892823e-16,0.001395580211,778670.4795,0.001395580211,2.553288388,2.553288388,0.02871,0.04733,0,0,-468416883.3,-468416883.3,0,0,109,5.164182663
110,0,-468416883.3,-488977102.1,3.576278687e-07,-20560218.73,6.40962242e-16,-0.03684926442,-20560218.73,-0.03684926442,0.4756241067,16.52437589,1,95.40647,0,0,-468416883.3,-468416883.3,0,0,110,5.18598938
111,0,-479640406.1,-487842502.7,-11223522.8,-19425619.33,-0.02011547468,-0.03481576692,-8202096.533,-0.01470029224,2.999166293,2.999166293,0.1462,0.431325,0,0,-468416883.3,-468416883.3,0,0,111,5.205971718
112,0,-486825321.2,-487204874.3,-18408437.85,-18787991,-0.03299271291,-0.03367297096,-379553.1481,-0.0006802580507,1.965921655,1.965921655,0.1462,0.36232,0,0,-468416883.3,-468416883.3,0,0,112,5.222951651
113,0,-486610342.2,-476860066.5,-18193458.86,-8443183.138,-0.03260741459,-0.0151323822,9750275.723,0.01747503239,1.605092451,20.39490755,1,119.524815,0,0,-468416883.3,-468416883.3,0,0,113,5.239321232
114,0,-470560748.4,-463799395.5,-2143865.125,4617487.802,-0.003842364416,0.008275740214,6761352.927,0.01211810463,2.667427736,2.667427736,0.12948,0.30876,0,0,-468416883.3,-468416883.3,0,0,114,5.256744385
115,0,-468416883.3,-470280442.6,1.192092896e-07,-1863559.285,2.136540807e-16,-0.003339983379,-1863559.285,-0.003339983379,1.01934943,1.01934943,0.07535,0.12268,0,0,-468416883.3,-468416883.3,0,0,115,5.274444103
116,0,-470905438,-463527504.8,-2488554.717,4889378.568,-0.0044601379,0.008763039248,7377933.286,0.01322317715,0.7558017954,24.2441982,1,121.71898,0,0,-468416883.3,-468416883.3,0,0,116,5.292883158
117,0,-468416883.3,-468435288.8,2.384185791e-07,-18405.49651,4.273081613e-16,-3.298744125e-05,-18405.49651,-3.298744125e-05,1.559813802,1.559813802,0.12525,0.23812,0,0,-468416883.3,-468416883.3,0,0,117,5.310645103
118,0,-468500966.3,-465448257.1,-84083.01673,2968626.192,-0.0001506986553,0.00532055096,3052709.209,0.005471249616,0.9972707905,21.00272921,1,134.436905,0,0,-468416883.3,-468416883.3,0,0,118,5.330522537
119,0,-468416883.3,-468756888.4,2.384185791e-07,-340005.0528,4.273081613e-16,-0.0006093775683,-340005.0528,-0.0006093775683,1.176100939,1.176100939,0.02871,0.04733,0,0,-468416883.3,-468416883.3,0,0,119,5.348543167
120,0,-468821273.8,-483292214,-404390.4642,-14875330.66,-0.0007247729869,-0.02666046504,-14470940.19,-0.02593569205,0.3945649807,12.60543502,1,69.84929,0,0,-468416883.3,-468416883.3,0,0,120,5.3686831
121,0,-470744625.8,-470843572.1,-2327742.499,-2426688.751,-0.004171920541,-0.004349257982,-98946.25166,-0.0001773374417,1.671084656,1.671084656,0.14333,0.26026,0,0,-468416883.3,-468416883.3,0,0,121,5.385205269
122,0,-470356495.9,-471354843.3,-1939612.601,-2937959.941,-0.003476290721,-0.005265589054,-998347.3401,-0.001789298334,1.082445937,9.917554063,1,37.627705,0,0,-468416883.3,-468416883.3,0,0,122,5.403031588
123,0,-468416883.3,-472022074.5,1.788139343e-07,-3605191.146,3.20481121e-16,-0.006461441074,-3605191.146,-0.006461441074,1.755331734,1.755331734,0.15583,0.228315,0,0,-468416883.3,-468416883.3,0,0,123,5.420322418
124,0,-468416883.3,-466775260.1,1.788139343e-07,1641623.231,3.20481121e-16,0.002942216194,1641623.231,0.002942216194,0.6864409646,0.6864409646,0.02871,0.04733,0,0,-468416883.3,-468416883.3,0,0,124,5.437834501
125,0,-468416883.3,-488114149.3,2.384185791e-07,-19697265.98,4.273081613e-16,-0.03530262843,-19697265.98,-0.03530262843,0.592323626,16.40767637,1,95.4036,0,0,-468416883.3,-468416883.3,0,0,125,5.456076384
126,0,-478836806.8,-486979549.9,-10419923.44,-18562666.58,-0.01867521542,-0.03326913094,-8142743.147,-0.01459391552,2.985389081,2.985389081,0.14333,0.428865,0,0,-468416883.3,-468416883.3,0,0,126,5.476828814
127,0,-486021721.8,-486341921.6,-17604838.49,-17925038.25,-0.03155245364,-0.03212633497,-320199.7624,-0.0005738813319,1.952144442,1.952144442,0.14333,0.35986,0,0,-468416883.3,-468416883.3,0,0,127,5.494064331
128,0,-485806742.8,-476898896.9,-17389859.5,-8482013.587,-0.03116715532,-0.01520197647,8907845.909,0.01596517885,1.591315239,18.40868476,1,102.04314,0,0,-468416883.3,-468416883.3,0,0,128,5.51064539
129,0,-469954739.9,-462936442.8,-1537856.6,5480440.554,-0.002756239378,0.009822376197,7018297.154,0.01257861557,2.684635638,2.684635638,0.13235,0.31122,0,0,-468416883.3,-468416883.3,0,0,129,5.528003216
130,0,-468416883.3,-469465926.7,3.576278687e-07,-1049043.385,6.40962242e-16,-0.001880158844,-1049043.385,-0.001880158844,0.9546204115,0.9546204115,0.07535,0.12268,0,0,-468416883.3,-468416883.3,0,0,130,5.545669556
131,0,-470391290.4,-483555715.3,-1974407.032,-15138831.94,-0.003538651399,-0.02713272794,-13164424.91,-0.02359407654,0.7492664878,17.25073351,1,89.83146,0,0,-468416883.3,-468416883.3,0,0,131,5.563878059
132,0,-473369238.7,-474101820,-4952355.427,-5684936.684,-0.008875910173,-0.0101888865,-732581.2574,-0.001312976326,1.879433416,1.879433416,0.14333,0.26026,0,0,-468416883.3,-468416883.3,0,0,132,5.580702066
133,0,-473275317.9,-466747010.1,-4858434.576,1669873.198,-0.008707579558,0.002992847489,6528307.774,0.01170042705,1.186620316,10.81337968,1,48.49423,0,0,-468416883.3,-468416883.3,0,0,133,5.598998308
134,0,-468416883.3,-528514395.1,2.980232239e-07,-60097511.79,5.341352017e-16,-0.1077103863,-60097511.79,-0.1077103863,1.755331734,339.612599,1.629445,2333.656465,0,0,-468416883.3,-468416883.3,0,0,134,5.616389513
135,0,-468416883.3,-466916323.3,2.980232239e-07,1500560.035,5.341352017e-16,0.002689394224,1500560.035,0.002689394224,3.803736484,3.803736484,0.052595,0.165,0,0,-468416883.3,-468416883.3,0,0,135,5.707798719
136,0,-468416883.3,-471926026.9,2.980232239e-07,-3509143.616,5.341352017e-16,-0.006289298896,-3509143.616,-0.006289298896,1.989688354,8.010311646,1,12.313355,0,0,-468416883.3,-468416883.3,0,0,136,5.934052706
137,0,-468416883.3,-470593923.3,5.36441803e-07,-2177039.944,9.61443363e-16,-0.003901822329,-2177039.944,-0.003901822329,1.47176935,1.47176935,0.10946,0.171135,0,0,-468416883.3,-468416883.3,0,0,137,5.963503838
138,0,-468416883.3,-477949203.9,5.36441803e-07,-9532320.561,9.61443363e-16,-0.0170844,-9532320.561,-0.0170844,1.262589324,20.73741068,1,105.328325,0,0,-468416883.3,-468416883.3,0,0,138,5.980005264
139,0,-476173141.3,-478302908.2,-7756257.97,-9886024.857,-0.01390123347,-0.01771833018,-2129766.888,-0.003817096706,1.238924803,1.238924803,0.07409,0.170005,0,0,-468416883.3,-468416883.3,0,0,139,6.002509117
140,0,-476151194.8,-467710916.2,-7734311.436,705967.1652,-0.01386189957,0.001265276945,8440278.601,0.01512717651,1.204505795,12.7954942,1,45.90145,0,0,-468416883.3,-468416883.3,0,0,140,6.019397259
141,0,-468416883.3,-468351783.7,4.172325134e-07,65099.61432,7.477892823e-16,0.0001166754563,65099.61432,0.0001166754563,1.02814361,1.02814361,0.0359,0.061675,0,0,-468416883.3,-468416883.3,0,0,141,6.036892653
142,0,-468477429.3,-478510986.2,-60545.95752,-10094102.91,-0.0001085141178,-0.01809126022,-10033556.96,-0.0179827461,0.5167187724,23.48328123,1,131.416835,0,0,-468416883.3,-468416883.3,0,0,142,6.055076838
143,0,-475380772.2,-475238764.6,-6963888.89,-6821881.325,-0.0124811018,-0.01222658728,142007.5643,0.0002545145241,0.5828401466,0.5828401466,0.0359,0.065225,0,0,-468416883.3,-468416883.3,0,0,143,6.07190609
144,0,-475358825.7,-469308424.8,-6941942.356,-891541.5196,-0.0124417679,-0.001597874498,6050400.836,0.0108438934,0.5484211394,22.45157886,1,122.99317,0,0,-468416883.3,-468416883.3,0,0,144,6.088435411
145,0,-471142720.6,-471076772.6,-2725837.318,-2659889.324,-0.004885410092,-0.004767214119,65947.99362,0.0001181959728,0.724093612,0.724093612,0.0359,0.061675,0,0,-468416883.3,-468416883.3,0,0,145,6.105110884
146,0,-471202418.2,-481271553.8,-2785534.896,-12854670.53,-0.004992403693,-0.02303891604,-10069135.63,-0.01804651235,0.5167187724,24.48328123,1,138.31107,0,0,-468416883.3,-468416883.3,0,0,146,6.12131238
147,0,-475380772.2,-631711835.8,-6963888.89,-163294952.5,-0.0124811018,-0.2926670655,-156331063.6,-0.2801859637,0.5828401466,354.9491371,1.9246,2331.72181,0,0,-468416883.3,-468416883.3,0,0,147,6.138118267
148,0,-484793342.5,-484432789.8,-16376459.15,-16015906.52,-0.02935087808,-0.02870467391,360552.6235,0.000646204164,9.710359398,9.710359398,0.11858,0.15172,0,0,-468416883.3,-468416883.3,0,0,148,6.232367754
149,0,-482130525.1,-483416136.7,-13713641.79,-14999253.4,-0.02457841616,-0.02688256686,-1285611.615,-0.002304150697,1.430007391,1.430007391,0.04648,0.087825,0,0,-468416883.3,-468416883.3,0,0,149,6.413745403
150,0,-481861689.8,-484458224.7,-13444806.49,-16041341.41,-0.02409659332,-0.02875025985,-2596534.922,-0.004653666537,1.276643871,16.72335613,1,19.714,0,0,-468416883.3,-468416883.3,0,0,150,6.431362629
151,0,-473710025.8,-483935057.2,-5293142.499,-15518173.86,-0.009486689323,-0.02781260741,-10225031.36,-0.01832591809,4.442691035,4.442691035,0.21132,0.44501,0,0,-468416883.3,-468416883.3,0,0,151,6.453230381
152,0,-475103848.9,-482682421.4,-6686965.541,-14265538.1,-0.01198478307,-0.02556755802,-7578572.556,-0.01358277495,3.212671013,3.212671013,0.31237,0.589705,0,0,-468416883.3,-468416883.3,0,0,152,6.474993229
153,0,-476415056.8,-464717054.3,-7998173.472,3699828.999,-0.01433480903,0.006631056744,11698002.47,0.02096586577,3.166406592,17.83359341,1,78.247395,0,0,-468416883.3,-468416883.3,0,0,153,6.494405746
154,0,-474481122.9,-473699645.5,-6064239.6,-5282762.162,-0.01086869607,-0.009468085057,781477.4381,0.001400611011,1.017771168,1.017771168,0.0625,0.09528,0,0,-468416883.3,-468416883.3,0,0,154,6.517295599
155,0,-473431765.1,-476796017.1,-5014881.825,-8379133.771,-0.008987973755,-0.01501758906,-3364251.947,-0.006029615305,0.6467755161,29.35322448,1.18824,151.311175,0,0,-468416883.3,-468416883.3,0,0,155,6.535384417
156,0,-475410371.4,-492408750.1,-6993488.123,-23991866.83,-0.01253415133,-0.04299967116,-16998378.7,-0.03046551983,4.977036273,4.977036273,0.28932,0.7399,0,0,-468416883.3,-468416883.3,0,0,156,6.554717064
157,0,-485053853.8,-477833140,-16636970.47,-9416256.672,-0.02981778218,-0.01687638329,7220713.794,0.01294139889,3.663924072,22.33607593,1.1396,111.363825,0,0,-468416883.3,-468416883.3,0,0,157,6.573554516
158,0,-470275916.3,-471037631.5,-1859032.93,-2620748.142,-0.003331870973,-0.004697062931,-761715.2125,-0.001365191958,1.354377177,1.354377177,0.04138,0.09532,0,0,-468416883.3,-468416883.3,0,0,158,6.600739956
159,0,-471052587.7,-475876068.9,-2635704.397,-7459185.555,-0.004723868433,-0.01336880237,-4823481.158,-0.008644933934,0.7094392523,23.29056075,1,125.899645,0,0,-468416883.3,-468416883.3,0,0,159,6.619941711
160,0,-470970700.3,-488871940.6,-2553817.003,-20455057.24,-0.004577104905,-0.03666078765,-17901240.24,-0.03208368275,4.400068174,4.400068174,0.28932,0.7399,0,0,-468416883.3,-468416883.3,0,0,160,6.63751936
161,0,-479424639.5,-469924946.8,-11007756.21,-1508063.471,-0.01972876478,-0.002702842335,9499692.737,0.01702592244,2.459770899,2.459770899,0.12875,0.30637,0,0,-468416883.3,-468416883.3,0,0,161,6.65490222
162,0,-468416883.3,-466666698.9,5.960464478e-08,1750184.462,1.068270403e-16,0.003136786182,1750184.462,0.003136786182,1.386522794,1.386522794,0.06424,0.21488,0,0,-468416883.3,-468416883.3,0,0,162,6.672530651
163,0,-468416883.3,-468092716.5,5.960464478e-08,324166.8023,1.068270403e-16,0.0005809913002,324166.8023,0.0005809913002,1.177167535,20.82283247,1,110.008605,0,0,-468416883.3,-468416883.3,0,0,163,6.688785076
164,0,-468416883.3,-471940367.8,1.788139343e-07,-3523484.49,3.20481121e-16,-0.006315001475,-3523484.49,-0.006315001475,1.595723491,1.595723491,0.05652,0.13545,0,0,-468416883.3,-468416883.3,0,0,164,6.708963871
165,0,-470577602.2,-460709083.8,-2160718.913,7707799.54,-0.003872570793,0.01381438335,9868518.453,0.01768695414,1.037859169,25.96214083,1.23301,143.25303,0,0,-468416883.3,-468416883.3,0,0,165,6.729265213
166,0,-468416883.3,-475062670.8,1.788139343e-07,-6645787.515,3.20481121e-16,-0.01191098133,-6645787.515,-0.01191098133,1.797261196,1.797261196,0.06424,0.19597,0,0,-468416883.3,-468416883.3,0,0,166,6.750309944
167,0,-472969973.4,-466023115.7,-4553090.1,2393767.619,-0.008160322767,0.004290254744,6946857.719,0.01245057751,1.075946999,28.924053,1,142.472125,0,0,-468416883.3,-468416883.3,0,0,167,6.769659281
168,0,-468416883.3,-457355571.4,2.384185791e-07,11061311.88,4.273081613e-16,0.01982475049,11061311.88,0.01982475049,2.80666263,2.80666263,0.04138,0.07102,0,0,-468416883.3,-468416883.3,0,0,168,6.790967941
169,0,-468416883.3,-467462782.3,5.960464478e-08,954101.0404,1.068270403e-16,0.001709997446,954101.0404,0.001709997446,0.7484877226,0.7484877226,0.04138,0.08353,0,0,-468416883.3,-468416883.3,0,0,169,6.814799786
170,0,-468416883.3,-467086688.2,5.960464478e-08,1330195.084,1.068270403e-16,0.002384055881,1330195.084,0.002384055881,0.66417814,21.33582186,1,113.64395,0,0,-468416883.3,-468416883.3,0,0,170,6.832638502
171,0,-473266937,-473379713.9,-4850053.67,-4962830.582,-0.008692558792,-0.008894684378,-112776.9118,-0.0002021255852,1.748335526,1.748335526,0.061925,0.14548,0,0,-468416883.3,-468416883.3,0,0,171,6.852962732
172,0,-473142848.6,-456873123.1,-4725965.236,11543760.22,-0.008470160016,0.0206894235,16269725.45,0.02915958352,1.62695273,15.37304727,1,57.16067,0,0,-468416883.3,-468416883.3,0,0,172,6.872579098
173,0,-468416883.3,-466841514.9,1.788139343e-07,1575368.394,3.20481121e-16,0.002823470279,1575368.394,0.002823470279,1.443240147,1.443240147,0.04654,0.13732,0,0,-468416883.3,-468416883.3,0,0,173,6.89699316
174,0,-468416883.3,-487703040.9,1.192092896e-07,-19286157.59,2.136540807e-16,-0.03456581517,-19286157.59,-0.03456581517,1.044777388,9.955222612,1,28.23058,0,0,-468416883.3,-468416883.3,0,0,174,6.915004015
175,0,-487689137.7,-488268231.1,-19272254.42,-19851347.77,-0.03454089707,-0.0355787831,-579093.3475,-0.001037886034,1.492947664,1.492947664,0.10678,0.19717,0,0,-468416883.3,-468416883.3,0,0,175,6.939390659
176,0,-489047804.3,-492336543.1,-20630921.02,-23919659.75,-0.03697598132,-0.04287025728,-3288738.731,-0.005894275964,1.357686454,1.357686454,0.05652,0.170475,0,0,-468416883.3,-468416883.3,0,0,176,6.958126783
177,0,-489505655.6,-474351747.4,-21088772.25,-5934864.107,-0.03779656992,-0.0106368215,15153908.14,0.02715974841,1.225721379,13.77427862,1,31.39586,0,0,-468416883.3,-468416883.3,0,0,177,6.976145744
178,0,-475919294.1,-476244395.8,-7502410.776,-7827512.477,-0.01344627322,-0.0140289401,-325101.7006,-0.0005826668814,1.638521339,1.638521339,0.05652,0.1421,0,0,-468416883.3,-468416883.3,0,0,178,6.994490385
179,0,-474100649.4,-475213927.9,-5683766.075,-6797044.576,-0.01018678846,-0.01218207336,-1113278.501,-0.001995284893,0.9496956942,25.05030431,1.10837,132.89585,0,0,-468416883.3,-468416883.3,0,0,179,7.011685371
180,0,-480000697.9,-490955094,-11583814.56,-22538210.67,-0.02076121131,-0.0403943409,-10954396.11,-0.01963312959,2.98020767,2.98020767,0.17299,0.441515,0,0,-468416883.3,-468416883.3,0,0,180,7.030209303
181,0,-486225171.2,-484015025.3,-17808287.92,-15598141.94,-0.03191708799,-0.02795593103,2210145.98,0.003961156964,2.636371869,7.363628131,1,9.098,0,0,-468416883.3,-468416883.3,0,0,181,7.047346115
182,0,-480915254.8,-484151151.8,-12498371.5,-15734268.47,-0.02240033543,-0.0281999052,-3235896.969,-0.005799569771,1.48336723,1.48336723,0.04654,0.08489,0,0,-468416883.3,-468416883.3,0,0,182,7.064672947
183,0,-483697888.3,-481731747.7,-15281004.95,-13314864.38,-0.02738753898,-0.02386370323,1966140.571,0.00352383575,0.6805588121,25.31944119,1,139.48201,0,0,-468416883.3,-468416883.3,0,0,183,7.081032991
184,0,-478584898.2,-471145147.5,-10168014.93,-2728264.148,-0.01822372979,-0.004889759604,7439750.777,0.01333397018,3.92795294,3.92795294,0.3031,0.600665,0,0,-468416883.3,-468416883.3,0,0,184,7.098868847
185,0,-474492568.3,-469162225.7,-6075684.958,-745342.3906,-0.01088920913,-0.001335847599,5330342.567,0.009553361531,1.334121966,1.334121966,0.09492,0.161375,0,0,-468416883.3,-468416883.3,0,0,185,7.116917133
186,0,-472064034,-476083421.8,-3647150.652,-7666538.508,-0.006536643432,-0.01374043284,-4019387.856,-0.007203789406,0.9327931778,13.06720682,1,46.911365,0,0,-468416883.3,-468416883.3,0,0,186,7.133509874
187,0,-475575463.4,-475535357.5,-7158580.088,-7118474.145,-0.01283003911,-0.01275815882,40105.94384,7.188029215e-05,1.609039749,1.609039749,0.05652,0.12805,0,0,-468416883.3,-468416883.3,0,0,187,7.151068926
188,0,-472399160,-469868826.3,-3982276.636,-1451942.957,-0.007137276438,-0.002602259764,2530333.679,0.004535016675,0.8483912016,0.8483912016,0.09205,0.14509,0,0,-468416883.3,-468416883.3,0,0,188,7.167838573
189,0,-472362791.7,-472935795.1,-3945908.336,-4518911.739,-0.007072094977,-0.008099066246,-573003.4035,-0.001026971269,0.8419731129,12.15802689,1,69.0618,0,0,-468416883.3,-468416883.3,0,0,189,7.1843853
190,0,-468888878.9,-467388010.9,-471995.5696,1028872.417,-0.0008459389355,0.001844007219,1500867.987,0.002689946154,0.8514479336,0.8514479336,0.05027,0.096585,0,0,-468416883.3,-468416883.3,0,0,190,7.200730562
191,0,-468416883.3,-480917771.6,1.788139343e-07,-12500888.25,3.20481121e-16,-0.02240484611,-12500888.25,-0.02240484611,0.6035743247,14.39642568,1,79.269275,0,0,-468416883.3,-468416883.3,0,0,191,7.217180252
192,0,-478703344.3,-635732447.4,-10286461.03,-167315564,-0.01843601604,-0.2998730481,-157029103,-0.281437032,1.295748605,331.4199805,2.086405,2184.452325,0,0,-468416883.3,-468416883.3,0,0,192,7.235283136
193,0,-468416883.3,-466297883.8,5.960464478e-08,2118999.507,1.068270403e-16,0.003797798756,2118999.507,0.003797798756,6.369392957,6.369392957,0.11831,0.25764,0,0,-468416883.3,-468416883.3,0,0,193,7.311157465
194,0,-468416883.3,-470128906.8,1.788139343e-07,-1712023.506,3.20481121e-16,-0.003068391815,-1712023.506,-0.003068391815,1.514917456,1.514917456,0.037075,0.109945,0,0,-468416883.3,-468416883.3,0,0,194,7.528061867
195,0,-468416883.3,-456249193.9,2.980232239e-07,12167689.41,5.341352017e-16,0.02180766704,12167689.41,0.02180766704,1.177059981,21.82294002,1.57513,39.67003,0,0,-468416883.3,-468416883.3,0,0,195,7.576287746
196,0,-468416883.3,-451471405.6,1.788139343e-07,16945477.74,3.20481121e-16,0.03037070754,16945477.74,0.03037070754,5.991155547,5.991155547,0.61931,0.962995,0,0,-468416883.3,-468416883.3,0,0,196,7.628709078
197,0,-468416883.3,-471494557.4,1.788139343e-07,-3077674.04,3.20481121e-16,-0.005515993092,-3077674.04,-0.005515993092,1.777647471,1.777647471,0.20893,0.3917,0,0,-468416883.3,-468416883.3,0,0,197,7.646352768
198,0,-469121637.9,-467294298.4,-704754.5764,1122584.948,-0.00126310367,0.002011964469,1827339.524,0.003275068139,0.7591645751,0.7591645751,0.051985,0.118385,0,0,-468416883.3,-468416883.3,0,0,198,7.666088104
199,0,-468822788.3,-469300325.9,-405905.0186,-883442.6209,-0.0007274874627,-0.001583359164,-477537.6023,-0.0008558717009,0.7274405796,14.27255942,1,50.419975,0,0,-468416883.3,-468416883.3,0,0,199,7.683193684
200,0,-468416883.3,-470612105.3,1.788139343e-07,-2195222.019,3.20481121e-16,-0.00393440934,-2195222.019,-0.00393440934,1.980590071,1.980590071,0.112365,0.17057,0,0,-468416883.3,-468416883.3,0,0,200,7.702994823
201,0,-468416883.3,-470246646.3,5.960464478e-08,-1829762.995,1.068270403e-16,-0.00327941163,-1829762.995,-0.00327941163,0.8035991748,0.8035991748,0.02456,0.078395,0,0,-468416883.3,-468416883.3,0,0,201,7.734424353
202,0,-468802777.6,-466527437.6,-385894.3035,1889445.702,-0.0006916230519,0.003386378578,2275340.006,0.00407800163,0.6480720516,22.35192795,1,128.549835,0,0,-468416883.3,-468416883.3,0,0,202,7.755971193
203,0,-468416883.3,-470230798.9,5.960464478e-08,-1813915.612,1.068270403e-16,-0.003251008995,-1813915.612,-0.003251008995,0.5136553034,0.5136553034,0.01562,0.02398,0,0,-468416883.3,-468416883.3,0,0,203,7.775546312
204,0,-470101270.5,-469560486.5,-1684387.184,-1143603.136,-0.00301886033,-0.002049634534,540784.0479,0.0009692257963,0.2292868668,20.77071313,1,129.464445,0,0,-468416883.3,-468416883.3,0,0,204,7.798124075
205,0,-468416883.3,-467852982.1,0,563901.2119,0,0.001010657772,563901.2119,0.001010657772,0.6824340972,0.6824340972,0.03341,0.071505,0,0,-468416883.3,-468416883.3,0,0,205,7.819591999
206,0,-468416883.3,-477016760.4,5.960464478e-08,-8599877.056,1.068270403e-16,-0.01541321849,-8599877.056,-0.01541321849,0.5065013995,14.4934986,1,70.849765,0,0,-468416883.3,-468416883.3,0,0,206,7.858094454
207,0,-468416883.3,-465966222.8,1.788139343e-07,2450660.503,3.20481121e-16,0.004392221602,2450660.503,0.004392221602,1.390633024,1.390633024,0.063325,0.17393,0,0,-468416883.3,-468416883.3,0,0,207,7.883064508
208,0,-468416883.3,-461667775,1.788139343e-07,6749108.368,3.20481121e-16,0.01209615919,6749108.368,0.01209615919,1.045185323,10.95481468,1,33.19893,0,0,-468416883.3,-468416883.3,0,0,208,7.901200294
209,0,-468416883.3,-463852724.9,2.980232239e-07,4564158.43,5.341352017e-16,0.008180160095,4564158.43,0.008180160095,1.28697093,1.28697093,0.13942,0.16872,0,0,-468416883.3,-468416883.3,0,0,209,7.924266338
210,0,-468416883.3,-484594141.6,1.788139343e-07,-16177258.26,3.20481121e-16,-0.02899385823,-16177258.26,-0.02899385823,1.103996174,22.89600383,1,134.43846,0,0,-468416883.3,-468416883.3,0,0,210,7.946007252
211,0,-470638596.9,-468276706.4,-2221713.532,140176.9474,-0.00398188903,0.000251233582,2361890.48,0.004233122612,0.7395628755,0.7395628755,0.03341,0.04644,0,0,-468416883.3,-468416883.3,0,0,211,7.968925714
212,0,-469070991.7,-470081688.1,-654108.4211,-1664804.738,-0.001172332575,-0.00298376349,-1010696.317,-0.001811430915,0.2627878815,28.73721212,1,167.733665,0,0,-468416883.3,-468416883.3,0,0,212,7.986808777
213,0,-468416883.3,-466371182.9,1.788139343e-07,2045700.462,3.20481121e-16,0.003666427785,2045700.462,0.003666427785,0.8189198318,0.8189198318,0.01303,0.02087,0,0,-468416883.3,-468416883.3,0,0,213,8.005091906
214,0,-468416883.3,-478916563.2,1.192092896e-07,-10499679.85,2.136540807e-16,-0.01881815967,-10499679.85,-0.01881815967,0.3965145036,25.6034855,1,151.81619,0,0,-468416883.3,-468416883.3,0,0,214,8.031043053
215,0,-470280650.4,-468304374.3,-1863767.063,112509.03,-0.003340355773,0.0002016454713,1976276.093,0.003542001244,0.5744944274,0.5744944274,0.03526,0.04829,0,0,-468416883.3,-468416883.3,0,0,215,8.051404238
216,0,-469139022,-483336131.2,-722138.6938,-14919247.89,-0.001294260534,-0.02673917616,-14197109.2,-0.02544491562,0.2716629115,15.72833709,1,113.09739,0,0,-468416883.3,-468416883.3,0,0,216,8.069701433
217,0,-472998983.3,-472852229.9,-4582099.964,-4435346.625,-0.008212315995,-0.007949295808,146753.3389,0.0002630201876,0.2301549839,0.2301549839,0.01303,0.01303,0,0,-468416883.3,-468416883.3,0,0,217,8.08609128
218,0,-472917593,-465454269.8,-4500709.675,2962613.478,-0.008066443408,0.005309774611,7463323.153,0.01337621802,0.1025096373,24.89749036,1,152.012125,0,0,-468416883.3,-468416883.3,0,0,218,8.102413416
219,0,-468416883.3,-635540521.3,1.788139343e-07,-167123637.9,3.20481121e-16,-0.2995290665,-167123637.9,-0.2995290665,1.029083693,316.6432344,1.19685,2110.390095,0,0,-468416883.3,-468416883.3,0,0,219,8.119345903
220,0,-468416883.3,-465735201.7,5.960464478e-08,2681681.609,1.068270403e-16,0.004806271567,2681681.609,0.004806271567,5.627074703,5.627074703,0.0919,0.38584,0,0,-468416883.3,-468416883.3,0,0,220,8.226120949
221,0,-468416883.3,-468100515.1,-5.960464478e-08,316368.2047,-1.068270403e-16,0.0005670141831,316368.2047,0.0005670141831,1.303042595,1.303042595,0.05744,0.230225,0,0,-468416883.3,-468416883.3,0,0,221,8.41849947
222,0,-468416883.3,-469271359.4,-5.960464478e-08,-854476.0998,-1.068270403e-16,-0.001531443617,-854476.0998,-0.001531443617,1.28551693,25.71448307,1.0012,102.06825,0,0,-468416883.3,-468416883.3,0,0,222,8.435810089
223,0,-473208268.1,-461168053.3,-4791384.735,7248830.067,-0.008587408788,0.01299179057,12040214.8,0.02157919936,4.525618008,4.525618008,0.42205,0.77354,0,0,-468416883.3,-468416883.3,0,0,223,8.461746454
224,0,-468416883.3,-472777878.3,-5.960464478e-08,-4360994.992,-1.068270403e-16,-0.007816038325,-4360994.992,-0.007816038325,3.502930446,12.49706955,1,35.793505,0,0,-468416883.3,-468416883.3,0,0,224,8.480275631
225,0,-471997554.2,-471934434.2,-3580670.846,-3517550.912,-0.006417494314,-0.00630436696,63119.93392,0.0001131273536,1.171063857,1.171063857,0.15038,0.206725,0,0,-468416883.3,-468416883.3,0,0,225,8.498958588
226,0,-472019347.1,-479712157.9,-3602463.787,-11295274.62,-0.006456552938,-0.02024407262,-7692810.83,-0.01378751968,1.152656582,18.84734342,1,116.21038,0,0,-468416883.3,-468416883.3,0,0,226,8.515743017
227,0,-474274749,-478818323.8,-5857865.724,-10401440.52,-0.01049882036,-0.01864208922,-4543574.795,-0.008143268863,2.105801123,2.105801123,0.19064,0.28169,0,0,-468416883.3,-468416883.3,0,0,227,8.532057047
228,0,-474659037.7,-474270468.2,-6242154.349,-5853584.864,-0.01118756562,-0.01049114794,388569.4853,0.0006964176742,0.08544015351,0.08544015351,0,0,1,1,-468416883.3,-468416883.3,0,-474270468.2,0,8.548604488
229,0,-474270468.2,-489309399.6,-5853584.864,-20892516.27,-0.01049114794,-0.0374448281,-15038931.4,-0.02695368016,0,14,1,99.744275,0,0,-468416883.3,-468416883.3,0,-474270468.2,1,8.565017462
230,0,-474947271.6,-488528903.4,-6530388.235,-20112020.04,-0.01170415578,-0.03604597568,-13581631.8,-0.0243418199,1.303967168,330.3480164,1.767745,2112.63834,0,0,-468416883.3,-468416883.3,0,-474270468.2,2,8.579516649
231,0,-468416883.3,-465995328.3,-5.960464478e-08,2421554.995,-1.068270403e-16,0.004340056955,2421554.995,0.004340056955,2.551478858,2.551478858,0.11065,0.19112,0,0,-468416883.3,-468416883.3,0,-474270468.2,3,8.67338872
232,0,-468416883.3,-488408780.7,-5.960464478e-08,-19991897.36,-1.068270403e-16,-0.03583068457,-19991897.36,-0.03583068457,1.450872076,14.54912792,1,57.678655,0,0,-468416883.3,-468416883.3,0,-474270468.2,4,8.870331764
233,0,-477223446.2,-478300076.1,-8806562.889,-9883192.809,-0.01578365331,-0.01771325441,-1076629.92,-0.001929601096,0.815625442,0.815625442,0.06678,0.10682,0,0,-468416883.3,-468416883.3,0,-474270468.2,5,8.891882896
234,0,-477126616.1,-477892632.5,-8709732.806,-9475749.223,-0.0156101086,-0.01698300943,-766016.4167,-0.001372900836,0.7849228525,19.21507715,1,118.768875,0,0,-468416883.3,-468416883.3,0,-474270468.2,6,8.908433199
235,0,-477398803.3,-474942535,-8981919.991,-6525651.635,-0.01609793889,-0.01169566655,2456268.356,0.004402272335,1.703734331,1.703734331,0.12867,0.231415,0,0,-468416883.3,-468416883.3,0,-474270468.2,7,8.925606251
236,0,-473047174.5,-471684287,-4630291.151,-3267403.702,-0.008298687148,-0.005856038038,1362887.449,0.00244264911,1.362606747,1.362606747,0.102745,0.102745,0,0,-468416883.3,-468416883.3,0,-474270468.2,8,8.942151546
237,0,-471729128.1,-466093072.1,-3312244.817,2323811.18,-0.00593640499,0.004164874594,5636055.998,0.01010127958,0.9580806454,28.04191935,1,161.076165,0,0,-468416883.3,-468416883.3,0,-474270468.2,9,8.956448317
238,0,-468416883.3,-467657425.8,-5.960464478e-08,759457.5098,-1.068270403e-16,0.001361145567,759457.5098,0.001361145567,0.9428422104,0.9428422104,0.042945,0.082985,0,0,-468416883.3,-468416883.3,0,-474270468.2,10,8.975101709
239,0,-468416883.3,-479806170.8,-5.960464478e-08,-11389287.5,-1.068270403e-16,-0.02041256817,-11389287.5,-0.02041256817,0.9428422104,19.05715779,1,111.75393,0,0,-468416883.3,-468416883.3,0,-474270468.2,11,8.992084742
240,0,-476220934.4,-483164999.7,-7804051.042,-14748116.33,-0.0139868911,-0.02643246385,-6944065.292,-0.01244557275,3.092895199,3.092895199,0.16269,0.265435,0,0,-468416883.3,-468416883.3,0,-474270468.2,12,9.014817715
241,0,-479729620,-456275890.8,-11312736.66,12140992.56,-0.02027536915,0.02175981934,23453729.22,0.04203518848,1.950023718,13.04997628,1,29.517565,0,0,-468416883.3,-468416883.3,0,-474270468.2,13,9.031416893
242,0,-468416883.3,-463680632.6,-1.192092896e-07,4736250.718,-2.136540807e-16,0.008488594277,4736250.718,0.008488594277,1.983178375,1.983178375,0.08916,0.172145,0,0,-468416883.3,-468416883.3,0,-474270468.2,14,9.051157475
243,0,-468416883.3,-496345797.4,-1.192092896e-07,-27928914.12,-2.136540807e-16,-0.05005588485,-27928914.12,-0.05005588485,1.869697239,16.13030276,1,79.160255,0,0,-468416883.3,-468416883.3,0,-474270468.2,15,9.068227768
244,0,-477972019,-476737338.1,-9555135.675,-8320454.824,-0.01712529062,-0.01491242111,1234680.851,0.00221286951,1.168057384,1.168057384,0.102745,0.130365,0,0,-468416883.3,-468416883.3,0,-474270468.2,16,9.089483738
245,0,-476365700.1,-486786447.7,-7948816.821,-18369564.4,-0.01424634906,-0.03292304156,-10420747.58,-0.0186766925,1.085903674,16.91409633,1,83.62949,0,0,-468416883.3,-468416883.3,0,-474270468.2,17,9.10605526
246,0,-475245829,-481376995.2,-6828945.634,-12960111.85,-0.01223924836,-0.02322789434,-6131166.214,-0.01098864598,3.197394228,3.197394228,0.37601,0.72296,0,0,-468416883.3,-468416883.3,0,-474270468.2,18,9.123248339
247,0,-475045153.6,-472760827.5,-6628270.248,-4343944.212,-0.01187958582,-0.007785478888,2284326.036,0.004094106936,1.461259042,1.461259042,0.08916,0.172145,0,0,-468416883.3,-468416883.3,0,-474270468.2,19,9.140161276
248,0,-474205106.7,-490058776.4,-5788223.373,-21641893.08,-0.01037400313,-0.03878790645,-15853669.71,-0.02841390331,1.266265883,18.73373412,1,117.167695,0,0,-468416883.3,-468416883.3,0,-474270468.2,20,9.156710863
249,0,-477822901.5,-485353505.8,-9406018.2,-16936622.46,-0.01685803329,-0.03035483657,-7530604.26,-0.01349680328,2.88920899,2.88920899,0.37601,0.65356,0,0,-468416883.3,-468416883.3,0,-474270468.2,21,9.173643112
250,0,-477622226.1,-579360559,-9205342.814,-110943675.7,-0.01649837075,-0.1988399488,-101738332.9,-0.1823415781,1.153073805,323.5852064,1.411695,2119.503715,0,0,-468416883.3,-468416883.3,0,-474270468.2,22,9.190213919
251,0,-478968108.1,-478425070.1,-10551224.76,-10008186.76,-0.01891054157,-0.01793727611,543037.9993,0.000973265464,8.030205998,8.030205998,0.129665,0.442525,0,0,-468416883.3,-468416883.3,0,-474270468.2,23,9.251074314
252,0,-475716751.2,-478249334.5,-7299867.862,-9832451.128,-0.01308326358,-0.01762231211,-2532583.267,-0.004539048522,2.988202994,2.988202994,0.12172,0.31079,0,0,-468416883.3,-468416883.3,0,-474270468.2,24,9.390596867
253,0,-475528075.2,-455570403.1,-7111191.833,12846480.24,-0.01274510702,0.02302423692,19957672.07,0.03576934394,2.570036221,19.42996378,1,44.71342,0,0,-468416883.3,-468416883.3,0,-474270468.2,25,9.410275459
254,0,-468416883.3,-473501167.1,-2.980232239e-07,-5084283.745,-5.341352017e-16,-0.009112360065,-5084283.745,-0.009112360065,3.850556531,3.850556531,0.22109,0.577955,0,0,-468416883.3,-468416883.3,0,-474270468.2,26,9.436233044
255,0,-472664559.6,-480285763.4,-4247676.316,-11868880.11,-0.007612941757,-0.02127212299,-7621203.796,-0.01365918123,3.222115194,3.222115194,0.09326,0.356865,0,0,-468416883.3,-468416883.3,0,-474270468.2,27,9.455203056
256,0,-482030523.8,-484448572.4,-13613640.44,-16031689.1,-0.02439918772,-0.02873296039,-2418048.652,-0.004333772676,2.211946339,2.211946339,0.09326,0.268265,0,0,-468416883.3,-468416883.3,0,-474270468.2,28,9.471585274
257,0,-484077176.5,-478160131.9,-15660293.16,-9743248.626,-0.02806732219,-0.017462438,5917044.534,0.01060488419,1.720294494,25.27970551,1,141.500045,0,0,-468416883.3,-468416883.3,0,-474270468.2,29,9.487893105
258,0,-479050113.8,-477723994.9,-10633230.5,-9307111.559,-0.0190575172,-0.01668076684,1326118.936,0.002376750362,1.787709059,1.787709059,0.06289,0.090845,0,0,-468416883.3,-468416883.3,0,-474270468.2,30,9.504977465
259,0,-476541445.7,-472961857.3,-8124562.409,-4544973.978,-0.01456133091,-0.008145776564,3579588.431,0.006415554344,0.7108107759,23.28918922,1,109.59584,0,0,-468416883.3,-468416883.3,0,-474270468.2,31,9.524297714
260,0,-468416883.3,-469255221,-2.980232239e-07,-838337.7268,-5.341352017e-16,-0.001502519451,-838337.7268,-0.001502519451,3.605408974,3.605408974,0.2483,0.393615,0,0,-468416883.3,-468416883.3,0,-474270468.2,32,9.543991327
261,0,-468416883.3,-469334812.9,-4.172325134e-07,-917929.5403,-7.477892823e-16,-0.001645168701,-917929.5403,-0.001645168701,2.10886651,21.89113349,1.39104,130.33952,0,0,-468416883.3,-468416883.3,0,-474270468.2,33,9.56371665
262,0,-468416883.3,-472341384.3,-2.384185791e-07,-3924500.971,-4.273081613e-16,-0.007033727406,-3924500.971,-0.007033727406,1.655439036,1.655439036,0.16361,0.217535,0,0,-468416883.3,-468416883.3,0,-474270468.2,34,9.581414461
263,0,-468473988.7,-466674853.1,-57105.37606,1742030.217,-0.0001023477002,0.003122171652,1799135.593,0.003224519352,0.9024482523,0.9024482523,0.10217,0.117095,0,0,-468416883.3,-468416883.3,0,-474270468.2,35,9.601763725
264,0,-468416883.3,-479323506.1,-1.788139343e-07,-10906622.74,-3.20481121e-16,-0.01954750728,-10906622.74,-0.01954750728,0.842791283,11.15720872,1,22.48622,0,0,-468416883.3,-468416883.3,0,-474270468.2,36,9.627207041
265,0,-473023484.9,-476373460.4,-4606601.607,-7956577.119,-0.008256229318,-0.01426025754,-3349975.512,-0.006004028218,3.469030439,3.469030439,0.2104,0.30529,0,0,-468416883.3,-468416883.3,0,-474270468.2,37,9.646392822
266,0,-468416883.3,-466578790.4,5.960464478e-08,1838092.913,1.068270403e-16,0.003294341011,1838092.913,0.003294341011,0.7671947099,0.7671947099,0.014925,0.016875,0,0,-468416883.3,-468416883.3,0,-474270468.2,38,9.665895224
267,0,-468416883.3,-496638555.2,5.960464478e-08,-28221671.85,1.068270403e-16,-0.05058058291,-28221671.85,-0.05058058291,0.3960027761,18.60399722,1,103.725245,0,0,-468416883.3,-468416883.3,0,-474270468.2,39,9.686497927
268,0,-482951813,-485647143.1,-14534929.65,-17230259.73,-0.02605037782,-0.030881111,-2695330.076,-0.004830733173,1.925900308,1.925900308,0.06927,0.17645,0,0,-468416883.3,-468416883.3,0,-474270468.2,40,9.707918167
269,0,-484531917.1,-485809427.7,-16115033.78,-17392544.35,-0.02888233577,-0.03117196728,-1277510.568,-0.002289631513,1.463884438,9.536115562,1,14.434025,0,0,-468416883.3,-468416883.3,0,-474270468.2,41,9.725591421
270,0,-477244019.8,-476423279.8,-8827136.491,-8006396.435,-0.01582052656,-0.01434954672,820740.0557,0.001470979843,1.536161874,1.536161874,0.08081,0.12326,0,0,-468416883.3,-468416883.3,0,-474270468.2,42,9.742653131
271,0,-476440701.9,-489144962.7,-8023818.596,-20728079.4,-0.01438077177,-0.03715011444,-12704260.81,-0.02276934267,1.038622022,20.96137798,1,120.42744,0,0,-468416883.3,-468416883.3,0,-474270468.2,43,9.759929419
272,0,-477755507.4,-476241687.5,-9338624.126,-7824804.211,-0.01673724556,-0.01402408618,1513819.915,0.002713159381,2.002985278,2.002985278,0.08081,0.11126,0,0,-468416883.3,-468416883.3,0,-474270468.2,44,9.776968718
273,0,-476668648.3,-471695693.6,-8251764.934,-3278810.296,-0.01478931095,-0.005876481624,4972954.639,0.008912829323,1.339666706,25.66033329,1,148.625565,0,0,-468416883.3,-468416883.3,0,-474270468.2,45,9.795268774
274,0,-473537906.5,-472872062.1,-5121023.182,-4455178.772,-0.0091782067,-0.007984840177,665844.4106,0.001193366523,0.5103726327,0.5103726327,0.047185,0.068895,0,0,-468416883.3,-468416883.3,0,-474270468.2,46,9.811739206
275,0,-473220534.8,-486046387.7,-4803651.507,-17629504.42,-0.008609394037,-0.03159666141,-12825852.91,-0.02298726737,0.4753635854,23.52463641,1,125.5594,0,0,-468416883.3,-468416883.3,0,-474270468.2,47,9.828794003
276,0,-478559223.4,-477266425.5,-10142340.08,-8849542.161,-0.01817771379,-0.01586068336,1292797.922,0.002317030431,0.9726558659,0.9726558659,0.047185,0.047185,0,0,-468416883.3,-468416883.3,0,-474270468.2,48,9.845056295
277,0,-477068444.2,-492641899.7,-8651560.878,-24225016.4,-0.01550584936,-0.0434175359,-15573455.52,-0.02791168654,0.3712139092,13.62878609,1,78.165775,0,0,-468416883.3,-468416883.3,0,-474270468.2,49,9.863282442
278,0,-478396180.5,-550900563.8,-9979297.184,-82483680.48,-0.01788549847,-0.1478322284,-72504383.29,-0.12994673,0.9536506487,342.3839418,1.778805,2304.39682,0,0,-468416883.3,-468416883.3,0,-474270468.2,50,9.879748344
279,0,-468416883.3,-448855726.6,-3.576278687e-07,19561156.71,-6.40962242e-16,0.03505868518,19561156.71,0.03505868518,7.124742958,7.124742958,0.14384,0.188965,0,0,-468416883.3,-468416883.3,0,-474270468.2,51,9.944267035
280,0,-468416883.3,-467640862.4,-5.960464478e-08,776020.886,-1.068270403e-16,0.001390831449,776020.886,0.001390831449,1.28864214,1.28864214,0.033465,0.07859,0,0,-468416883.3,-468416883.3,0,-474270468.2,52,10.07678938
281,0,-468416883.3,-477713357,-5.960464478e-08,-9296473.645,-1.068270403e-16,-0.01666170093,-9296473.645,-0.01666170093,1.28864214,14.71135786,1,40.834925,0,0,-468416883.3,-468416883.3,0,-474270468.2,53,10.08902764
282,0,-468860873.4,-467644733.4,-443990.1204,772149.9277,-0.0007957458798,0.001383893685,1216140.048,0.002179639564,1.285516551,1.285516551,0.09051,0.15116,0,0,-468416883.3,-468416883.3,0,-474270468.2,54,10.1322968
283,0,-469329243.5,-468440052.1,-912360.1451,-23168.81091,-0.001635186895,-4.152454069e-05,889191.3342,0.001593662354,1.034636432,23.96536357,1,118.592345,0,0,-468416883.3,-468416883.3,0,-474270468.2,55,10.14910913
284,0,-468416883.3,-468203956.1,-1.788139343e-07,212927.2574,-3.20481121e-16,0.0003816210766,212927.2574,0.0003816210766,2.141052066,2.141052066,0.078355,0.19432,0,0,-468416883.3,-468416883.3,0,-474270468.2,56,10.16965842
285,0,-468416883.3,-468613123.1,-5.960464478e-08,-196239.7732,-1.068270403e-16,-0.0003517127608,-196239.7732,-0.0003517127608,1.214076432,1.214076432,0.06309,0.115965,0,0,-468416883.3,-468416883.3,0,-474270468.2,57,10.19917822
286,0,-468416883.3,-476572040.3,0,-8155156.959,0,-0.01461616431,-8155156.959,-0.01461616431,0.7745860393,20.22541396,1,123.179535,0,0,-468416883.3,-468416883.3,0,-474270468.2,58,10.21606922
287,0,-468416883.3,-466468109.5,0,1948773.867,0,0.003492710094,1948773.867,0.003492710094,0.8842682152,0.8842682152,0.10015,0.135375,0,0,-468416883.3,-468416883.3,0,-474270468.2,59,10.23531651
288,0,-468416883.3,-479094485.3,-1.192092896e-07,-10677601.97,-2.136540807e-16,-0.01913704244,-10677601.97,-0.01913704244,0.7756518418,22.22434816,1,117.680765,0,0,-468416883.3,-468416883.3,0,-474270468.2,60,10.25364661
289,0,-478132150,-482194812,-9715266.706,-13777928.72,-0.01741228712,-0.02469363508,-4062662.012,-0.00728134796,1.305444767,1.305444767,0.0343,0.06856,0,0,-468416883.3,-468416883.3,0,-474270468.2,61,10.27396369
290,0,-482142730.3,-488182246.3,-13725846.94,-19765363.01,-0.02460029097,-0.03542467603,-6039516.069,-0.01082438507,0.5637961101,13.43620389,1,77.309545,0,0,-468416883.3,-468416883.3,0,-474270468.2,62,10.29062271
291,0,-478724116.2,-477030004.7,-10307232.86,-8613121.368,-0.01847324457,-0.01543695575,1694111.493,0.003036288823,1.079324213,1.079324213,0.09051,0.125735,0,0,-468416883.3,-468416883.3,0,-474270468.2,63,10.30698729
292,0,-478858239.1,-490955348.3,-10441355.8,-22538464.94,-0.01871362779,-0.04039479662,-12097109.14,-0.02168116883,0.7118915026,17.2881085,1,113.182015,0,0,-468416883.3,-468416883.3,0,-474270468.2,64,10.3234241
293,0,-481494462.1,-481918741.9,-13077578.73,-13501858.54,-0.02343842557,-0.02419884545,-424279.8112,-0.0007604198745,0.8420806732,0.8420806732,0.03567,0.06997,0,0,-468416883.3,-468416883.3,0,-474270468.2,65,10.33981657
294,0,-481944934.3,-467721779.3,-13528051.01,695104.0011,-0.02424578917,0.001245807327,14223155.01,0.02549159649,0.572235657,27.42776434,1,157.558915,0,0,-468416883.3,-468416883.3,0,-474270468.2,66,10.35617137
295,0,-471993708.7,-472814475.8,-3576825.344,-4397592.515,-0.006410602172,-0.007881630613,-820767.1707,-0.00147102844,0.8529305413,0.8529305413,0.0343,0.035225,0,0,-468416883.3,-468416883.3,0,-474270468.2,67,10.37274098
296,0,-472668009.3,-469507484.1,-4251125.983,-1090600.813,-0.007619124458,-0.001954640573,3160525.17,0.005664483885,0.2776866574,17.72231334,1,114.795885,0,0,-468416883.3,-468416883.3,0,-474270468.2,68,10.3896637
297,0,-471546815.3,-473155357.4,-3129932.015,-4738474.033,-0.005609652988,-0.008492579035,-1608542.017,-0.002882926048,1.133174919,1.133174919,0.03567,0.06997,0,0,-468416883.3,-468416883.3,0,-474270468.2,69,10.40589023
298,0,-473181549.8,-471135710.2,-4764666.499,-2718826.922,-0.008539522753,-0.004872845637,2045839.577,0.003666677116,0.572235657,16.42776434,1,108.371055,0,0,-468416883.3,-468416883.3,0,-474270468.2,70,10.42226291
299,0,-468416883.3,-468746163.9,5.960464478e-08,-329280.5327,1.068270403e-16,-0.0005901564362,-329280.5327,-0.0005901564362,1.103145004,1.103145004,0.14758,0.182805,0,0,-468416883.3,-468416883.3,0,-474270468.2,71,10.43880868
300,0,-468416883.3,-468808788.2,5.960464478e-08,-391904.8772,1.068270403e-16,-0.0007023955647,-391904.8772,-0.0007023955647,0.986592412,21.01340759,1,116.884915,0,0,-468416883.3,-468416883.3,0,-474270468.2,72,10.45510602
301,0,-469883254.8,-467542325.2,-1466371.442,874558.098,-0.002628119365,0.001567435786,2340929.54,0.004195555151,1.571240575,1.571240575,0.10015,0.17012,0,0,-468416883.3,-468416883.3,0,-474270468.2,73,10.47179031
302,0,-468416883.3,-481176062.6,0,-12759179.24,0,-0.0228677708,-12759179.24,-0.0228677708,1.11771713,24.88228287,1,128.322105,0,0,-468416883.3,-468416883.3,0,-474270468.2,74,10.48924828
303,0,-475115157.7,-597389838,-6698274.37,-128972954.7,-0.01200505143,-0.2311531104,-122274680.3,-0.2191480589,0.7190378754,340.9462427,1.42823,2290.24475,0,0,-468416883.3,-468416883.3,0,-474270468.2,75,10.50816846
304,0,-468416883.3,-464899101.4,4.172325134e-07,3517781.938,7.477892823e-16,0.006304781018,3517781.938,0.006304781018,8.383790057,8.383790057,0.114,0.32022,0,0,-468416883.3,-468416883.3,0,-474270468.2,76,10.58974028
305,0,-468416883.3,-470912509.8,1.192092896e-07,-2495626.495,2.136540807e-16,-0.004472812366,-2495626.495,-0.004472812366,1.867460588,1.867460588,0.051095,0.10015,0,0,-468416883.3,-468416883.3,0,-474270468.2,77,10.77724838
306,0,-470159349.2,-467076992.4,-1742465.857,1339890.875,-0.003122952432,0.002401433262,3082356.732,0.005524385694,0.7260421901,23.27395781,1,126.046275,0,0,-468416883.3,-468416883.3,0,-474270468.2,78,10.79845691
307,0,-468910437.5,-473803495.1,-493554.1728,-5386611.799,-0.0008845775647,-0.009654210643,-4893057.627,-0.008769633078,2.097107143,2.097107143,0.17611,0.391445,0,0,-468416883.3,-468416883.3,0,-474270468.2,79,10.81566238
308,0,-468550021.4,-458693553.5,-133138.0758,9723329.805,-0.0002386180917,0.01742673829,9856467.881,0.01766535638,1.883510339,24.11648966,1.2471,128.156705,0,0,-468416883.3,-468416883.3,0,-474270468.2,80,10.83436823
309,0,-470095442.9,-471714729.5,-1678559.589,-3297846.198,-0.003008415764,-0.005910598916,-1619286.609,-0.002902183152,1.33332921,1.33332921,0.07296,0.170505,0,0,-468416883.3,-468416883.3,0,-474270468.2,81,10.85333323
310,0,-470353257.9,-472193789.1,-1936374.581,-3776905.803,-0.003470487347,-0.006769198441,-1840531.221,-0.003298711095,1.020396482,1.020396482,0.051095,0.14864,0,0,-468416883.3,-468416883.3,0,-474270468.2,82,10.87179065
311,0,-470364771.8,-455224905.9,-1947888.444,13191977.47,-0.003491123186,0.0236434579,15139865.91,0.02713458108,0.9963621812,9.003637819,1,18.826055,0,0,-468416883.3,-468416883.3,0,-474270468.2,83,10.88801146
312,0,-468416883.3,-465765968.2,5.960464478e-08,2650915.141,1.068270403e-16,0.004751130046,2650915.141,0.004751130046,1.481201904,1.481201904,0.07729,0.15842,0,0,-468416883.3,-468416883.3,0,-474270468.2,84,10.90647554
313,0,-468416883.3,-467672409.6,5.960464478e-08,744473.6728,1.068270403e-16,0.001334290631,744473.6728,0.001334290631,1.235612421,21.76438758,1,124.19855,0,0,-468416883.3,-468416883.3,0,-474270468.2,85,10.9253366
314,0,-473747780.2,-481100258.6,-5330896.913,-12683375.27,-0.009554355062,-0.02273191035,-7352478.359,-0.01317755529,2.001946891,2.001946891,0.25296,0.46541,0,0,-468416883.3,-468416883.3,0,-474270468.2,86,10.94593549
315,0,-479587986.8,-477031946.6,-11171103.51,-8615063.289,-0.02002152567,-0.01544043618,2556040.223,0.004581089495,1.170025572,1.170025572,0.051095,0.15314,0,0,-468416883.3,-468416883.3,0,-474270468.2,87,10.96223927
316,0,-475592627.8,-453882428.9,-7175744.443,14534454.38,-0.01286080211,0.02604952602,21710198.83,0.03891032812,0.9206014326,26.07939857,1.13874,144.95183,0,0,-468416883.3,-468416883.3,0,-474270468.2,88,10.98000121
317,0,-468416883.3,-466456627.9,0,1960255.439,0,0.00351328806,1960255.439,0.00351328806,1.339891452,1.339891452,0.06256,0.17422,0,0,-468416883.3,-468416883.3,0,-474270468.2,89,10.9993062
318,0,-468416883.3,-478830082.3,1.788139343e-07,-10413198.98,3.20481121e-16,-0.01866316344,-10413198.98,-0.01866316344,1.313470242,8.686529758,1,18.68857,0,0,-468416883.3,-468416883.3,0,-474270468.2,90,11.01838231
319,0,-477600705.8,-477142647.1,-9183822.527,-8725763.737,-0.0164598008,-0.0156388402,458058.79,0.0008209605983,2.15786161,2.15786161,0.187675,0.206695,0,0,-468416883.3,-468416883.3,0,-474270468.2,91,11.04836392
320,0,-476995621.5,-477078381.5,-8578738.192,-8661498.189,-0.01537533215,-0.0155236596,-82759.99625,-0.0001483274582,1.271956728,1.271956728,0.07296,0.12874,0,0,-468416883.3,-468416883.3,0,-474270468.2,92,11.06454086
321,0,-477146342.7,-477557441.1,-8729459.341,-9140557.793,-0.01564546368,-0.01638225913,-411098.4519,-0.0007367954473,0.8077770488,0.8077770488,0.051095,0.106875,0,0,-468416883.3,-468416883.3,0,-474270468.2,93,11.08123446
322,0,-477157856.5,-468781513.3,-8740973.204,-364629.9445,-0.01566609952,-0.0006535117847,8376343.26,0.01501258774,0.7837427478,13.21625725,1,68.29738,0,0,-468416883.3,-468416883.3,0,-474270468.2,94,11.09757662
323,0,-469040588.4,-467437895.4,-623705.099,978987.9282,-0.001117841907,0.001754601228,1602693.027,0.002872443134,1.277626,1.277626,0.07729,0.165145,0,0,-468416883.3,-468416883.3,0,-474270468.2,95,11.11461401
324,0,-468416883.3,-462451681,5.960464478e-08,5965202.338,1.068270403e-16,0.01069119551,5965202.338,0.01069119551,1.088641034,19.91135897,1,118.78076,0,0,-468416883.3,-468416883.3,0,-474270468.2,96,11.13090777
325,0,-471598477.5,-471506207.4,-3181594.211,-3089324.054,-0.005702245091,-0.005536872949,92270.15718,0.0001653721424,0.906360749,0.906360749,0.051095,0.087855,0,0,-468416883.3,-468416883.3,0,-474270468.2,97,11.14732146
326,0,-471508224.8,-468781513.3,-3091341.481,-364629.9445,-0.005540488704,-0.0006535117847,2726711.537,0.004886976919,0.717375783,12.28262422,1,68.29738,0,0,-468416883.3,-468416883.3,0,-474270468.2,98,11.16362786
327,0,-469040588.4,-622054284.5,-623705.099,-153637401.2,-0.001117841907,-0.2753582195,-153013696.1,-0.2742403776,1.277626,320.4649045,1.08556,2070.474545,0,0,-468416883.3,-468416883.3,0,-474270468.2,99,11.17991233
328,0,-468416883.3,-465160643.7,4.172325134e-07,3256239.646,7.477892823e-16,0.005836029143,3256239.646,0.005836029143,7.080952488,7.080952488,0.170575,0.376165,0,0,-468416883.3,-468416883.3,0,-474270468.2,100,11.24450326
329,0,-468749913.6,-468128699.8,-333030.3053,288183.5163,-0.000596877005,0.0005164998841,621213.8216,0.001113376889,0.980033002,0.980033002,0.09262,0.12092,0,0,-468416883.3,-468416883.3,0,-474270468.2,101,11.54923964
330,0,-468815495.8,-471665186.6,-398612.428,-3248303.319,-0.0007144172419,-0.00582180518,-2849690.891,-0.005107387938,0.9090742155,17.09092578,1.03737,42.01287,0,0,-468416883.3,-468416883.3,0,-474270468.2,102,11.56357145
331,0,-468416883.3,-466759417.1,1.192092896e-07,1657466.252,2.136540807e-16,0.002970611013,1657466.252,0.002970611013,3.232035762,3.232035762,0.31097,0.535705,0,0,-468416883.3,-468416883.3,0,-474270468.2,103,11.58327889
332,0,-468416883.3,-485476812.5,5.960464478e-08,-17059929.15,1.068270403e-16,-0.03057583425,-17059929.15,-0.03057583425,2.528850402,16.4711496,1,80.71623,0,0,-468416883.3,-468416883.3,0,-474270468.2,104,11.6049459
333,0,-468416883.3,-464953918.2,1.192092896e-07,3462965.152,2.136540807e-16,0.006206535068,3462965.152,0.006206535068,1.455912891,1.455912891,0.05405,0.07242,0,0,-468416883.3,-468416883.3,0,-474270468.2,105,11.6256566
334,0,-468416883.3,-491835904.1,1.192092896e-07,-23419020.82,2.136540807e-16,-0.04197298198,-23419020.82,-0.04197298198,0.9057204701,26.09427953,1,149.32961,0,0,-468416883.3,-468416883.3,0,-474270468.2,106,11.64898586
335,0,-474250893.4,-474250893.4,-5834010.082,-5834010.082,-0.01045606484,-0.01045606484,0,0,0,0,0,0,1,0,-468416883.3,-468416883.3,0,-474270468.2,107,11.67167521
336,0,-474250893.4,-472653135.3,-5834010.082,-4236252.014,-0.01045606484,-0.007592466434,1597758.068,0.002863598402,0,18,1,116.64186,0,0,-468416883.3,-468416883.3,0,-474270468.2,108,11.68832088
337,0,-471222597.4,-471696495.8,-2805714.115,-3279612.504,-0.005028570107,-0.005877919389,-473898.3884,-0.0008493492822,0.7120676944,0.7120676944,0.08312,0.08312,0,0,-468416883.3,-468416883.3,0,-474270468.2,109,11.70512223
338,0,-473268382.7,-491895229.5,-4851499.349,-23478346.21,-0.008695149826,-0.04207930853,-18626846.86,-0.03338415871,0.3987526985,25.6012473,1,159.27442,0,0,-468416883.3,-468416883.3,0,-474270468.2,110,11.72304773
339,0,-474250893.4,-538585337.6,-5834010.082,-70168454.3,-0.01045606484,-0.1257601371,-64334444.21,-0.1153040722,0,333,1.130465,2152.02727,0,0,-468416883.3,-468416883.3,0,-474270468.2,111,11.73968959
340,0,-468416883.3,-480185115.9,1.192092896e-07,-11768232.62,2.136540807e-16,-0.02109173648,-11768232.62,-0.02109173648,13.0665368,13.0665368,0.20282,0.49588,0,0,-468416883.3,-468416883.3,0,-474270468.2,112,11.83947873
341,0,-481756962,-479495161.6,-13340078.63,-11078278.25,-0.02390889374,-0.01985515864,2261800.382,0.0040537351,2.014599848,2.014599848,0.20282,0.32352,0,0,-468416883.3,-468416883.3,0,-474270468.2,113,12.02915239
342,0,-482288596.7,-485427286.8,-13871713.33,-17010403.44,-0.02486172151,-0.03048707129,-3138690.111,-0.005625349775,1.792836188,1.792836188,0.05858,0.14098,0,0,-468416883.3,-468416883.3,0,-474270468.2,114,12.04621816
343,0,-482643682.2,-482283495,-14226798.87,-13866611.68,-0.02549812725,-0.02485257803,360187.1938,0.000645549219,1.035867096,1.035867096,0.039995,0.0824,0,0,-468416883.3,-468416883.3,0,-474270468.2,115,12.06288624
344,0,-481988991.2,-473836821.6,-13572107.86,-5419938.28,-0.02432475052,-0.009713940372,8152169.583,0.01461081015,0.8339264533,14.16607355,1,69.446215,0,0,-468416883.3,-468416883.3,0,-474270468.2,116,12.07933307
345,0,-469886610,-472864458.6,-1469726.693,-4447575.238,-0.002634132849,-0.007971212666,-2977848.545,-0.005337079817,3.138707861,3.138707861,0.054025,0.06628,0,0,-468416883.3,-468416883.3,0,-474270468.2,117,12.09743977
346,0,-471408348.9,-456875223.3,-2991465.594,11541660.06,-0.005361485114,0.02068565948,14533125.66,0.02604714459,0.6882670212,12.31173298,1,37.635925,0,0,-468416883.3,-468416883.3,0,-474270468.2,118,12.11474824
347,0,-468416883.3,-465356190.5,2.980232239e-07,3060692.856,5.341352017e-16,0.00548555839,3060692.856,0.00548555839,1.133080931,1.133080931,0.0586,0.105235,0,0,-468416883.3,-468416883.3,0,-474270468.2,119,12.13562703
348,0,-468416883.3,-487889205.4,2.980232239e-07,-19472322.08,5.341352017e-16,-0.0348994704,-19472322.08,-0.0348994704,1.133080931,22.86691907,1,133.5538,0,0,-468416883.3,-468416883.3,0,-474270468.2,120,12.15310383
349,0,-482389803.7,-484296903.4,-13972920.42,-15880020.06,-0.02504311097,-0.02846113,-1907099.639,-0.003418019029,1.306205501,1.306205501,0.048625,0.126255,0,0,-468416883.3,-468416883.3,0,-474270468.2,121,12.17889643
350,0,-483448565.5,-480236322.8,-15031682.13,-11819439.5,-0.02694068758,-0.02118351255,3212242.628,0.005757175034,1.007500315,26.99249969,1,157.94592,0,0,-468416883.3,-468416883.3,0,-474270468.2,122,12.19781256
351,0,-481057419.1,-481899286.8,-12640535.78,-13482403.46,-0.02265513083,-0.02416397688,-841867.6793,-0.001508846045,1.28377314,1.28377314,0.048625,0.0787,0,0,-468416883.3,-468416883.3,0,-474270468.2,123,12.21570683
352,0,-481601019.9,-492987415.6,-13184136.61,-24570532.24,-0.02362940504,-0.04403679022,-11386395.62,-0.02040738518,0.7085692006,16.2914308,1,102.24075,0,0,-468416883.3,-468416883.3,0,-474270468.2,124,12.23463035
353,0,-481144467.9,-481057831.3,-12727584.63,-12640947.95,-0.02281114503,-0.02265586955,86636.67495,0.0001552754757,0.6334154615,0.6334154615,0.048625,0.05954,0,0,-468416883.3,-468416883.3,0,-474270468.2,125,12.25155282
354,0,-481092476.8,-464595529.5,-12675593.48,3821353.795,-0.02271796336,0.006848860815,16496947.28,0.02956682418,0.5355566642,20.46444334,1.00472,117.652375,0,0,-468416883.3,-468416883.3,0,-474270468.2,126,12.26854682
355,0,-476314259.6,-476901445.5,-7897376.254,-8484562.132,-0.01415415417,-0.01520654413,-587185.8782,-0.001052389956,1.010876418,1.010876418,0.02228,0.034175,0,0,-468416883.3,-468416883.3,0,-474270468.2,127,12.28520966
356,0,-476827935.8,-462354905.2,-8411052.435,6061978.091,-0.01507479562,0.01086464286,14473030.53,0.02593943847,0.3099789244,28.69002108,1.03334,162.80317,0,0,-468416883.3,-468416883.3,0,-474270468.2,128,12.30185056
357,0,-470156224.2,-474218074.4,-1739340.873,-5801191.066,-0.003117351648,-0.01039724462,-4061850.192,-0.007279892968,1.090220911,1.090220911,0.048255,0.0959,0,0,-468416883.3,-468416883.3,0,-474270468.2,129,12.31893682
358,0,-472658875.8,-468746446.8,-4241992.465,-329563.4948,-0.007602754817,-0.0005906635781,3912428.971,0.007012091239,0.8528483351,13.14715166,1,75.105885,0,0,-468416883.3,-468416883.3,0,-474270468.2,130,12.3361156
359,0,-468416883.3,-470529681.3,2.980232239e-07,-2112797.987,5.341352017e-16,-0.003786684018,-2112797.987,-0.003786684018,0.9814473265,0.9814473265,0.05528,0.05887,0,0,-468416883.3,-468416883.3,0,-474270468.2,131,12.35254216
360,0,-470717052.1,-471074282.6,-2300168.734,-2657399.305,-0.004122501174,-0.004762751356,-357230.5712,-0.0006402501815,0.5304965032,0.5304965032,0.047645,0.051235,0,0,-468416883.3,-468416883.3,0,-474270468.2,132,12.36977673
361,0,-471192664.4,-464781359.9,-2775781.125,3635523.407,-0.004974922397,0.006515804383,6411304.533,0.01149072678,0.4629993345,28.53700067,1.02098,158.70726,0,0,-468416883.3,-468416883.3,0,-474270468.2,133,12.38604999
362,0,-473488521.6,-473959069.5,-5071638.291,-5542186.212,-0.009089696119,-0.009933040492,-470547.9213,-0.0008433443729,0.2843710969,0.2843710969,0.02228,0.02842,0,0,-468416883.3,-468416883.3,0,-474270468.2,134,12.4025569
363,0,-474032263.5,-480278165.1,-5615380.224,-11861281.73,-0.01006422321,-0.02125850471,-6245901.507,-0.0111942815,0.2554489953,18.744551,1,116.549835,0,0,-468416883.3,-468416883.3,0,-474270468.2,135,12.41964984
364,0,-474917777.6,-472082953.8,-6500894.26,-3666070.516,-0.01165129489,-0.006570552754,2834823.744,0.005080742141,1.770929126,1.770929126,0.19125,0.28715,0,0,-468416883.3,-468416883.3,0,-474270468.2,136,12.43658805
365,0,-475135203.4,-476630809.5,-6718320.098,-8213926.171,-0.0120409786,-0.01472149403,-1495606.073,-0.002680515434,0.9353621273,0.9353621273,0.048255,0.0959,0,0,-468416883.3,-468416883.3,0,-474270468.2,137,12.45329118
366,0,-475510464.2,-472361311.5,-7093580.915,-3944428.145,-0.01271354367,-0.00706944209,3149152.77,0.005644101584,0.8528483351,19.14715166,1,117.78144,0,0,-468416883.3,-468416883.3,0,-474270468.2,138,12.46739364
367,0,-473271095.8,-469411213.9,-4854212.453,-994330.5571,-0.008700012414,-0.001782099213,3859881.896,0.006917913202,1.119938096,1.119938096,0.19125,0.21353,0,0,-468416883.3,-468416883.3,0,-474270468.2,139,12.48411942
368,0,-473488521.6,-623222333.6,-5071638.291,-154805450.3,-0.009089696119,-0.2774516674,-149733812,-0.2683619713,0.2843710969,337.2843711,1,2199.079345,0,0,-468416883.3,-468416883.3,0,-474270468.2,140,12.50061131
369,0,-468416883.3,-470854397.8,1.788139343e-07,-2437514.448,3.20481121e-16,-0.00436866045,-2437514.448,-0.00436866045,13.76645647,13.76645647,0.455075,0.79879,0,0,-468416883.3,-468416883.3,0,-474270468.2,141,12.56498933
370,0,-474899207.9,-475768671.3,-6482324.56,-7351788.014,-0.01161801316,-0.01317631801,-869463.4534,-0.001558304856,1.29136754,1.29136754,0.0749,0.12183,0,0,-468416883.3,-468416883.3,0,-474270468.2,142,12.77639174
371,0,-473496106.5,-469941659.8,-5079223.191,-1524776.432,-0.009103290234,-0.002732796311,3554446.759,0.006370493923,0.7857988942,14.21420111,1,61.72119,0,0,-468416883.3,-468416883.3,0,-474270468.2,143,12.79613376
372,0,-468416883.3,-468030501.2,0,386382.1011,0,0.0006924973121,386382.1011,0.0006924973121,1.728323028,1.728323028,0.07517,0.142435,0,0,-468416883.3,-468416883.3,0,-474270468.2,144,12.81370234
373,0,-468416883.3,-458983215.4,5.960464478e-08,9433667.932,1.068270403e-16,0.0169075888,9433667.932,0.0169075888,0.7467923147,28.25320769,1,160.845045,0,0,-468416883.3,-468416883.3,0,-474270468.2,145,12.83851576
374,0,-468416883.3,-463448847.7,5.960464478e-08,4968035.639,1.068270403e-16,0.008904013195,4968035.639,0.008904013195,1.515259803,1.515259803,0.0882,0.13595,0,0,-468416883.3,-468416883.3,0,-474270468.2,146,12.85980749
375,0,-468416883.3,-467889594.4,-5.960464478e-08,527288.9072,-1.068270403e-16,0.000945038991,527288.9072,0.000945038991,1.12632516,19.87367484,1,104.982855,0,0,-468416883.3,-468416883.3,0,-474270468.2,147,12.88229847
376,0,-473773154.1,-471350028.6,-5356270.767,-2933145.291,-0.009599831615,-0.005256959949,2423125.476,0.004342871666,1.223288231,1.223288231,0.07517,0.15517,0,0,-468416883.3,-468416883.3,0,-474270468.2,148,12.90309381
377,0,-471539497.2,-467429310.8,-3122613.882,987572.4949,-0.005596536988,0.001769987006,4110186.377,0.007366523994,0.8463958085,25.15360419,1,152.48141,0,0,-468416883.3,-468416883.3,0,-474270468.2,149,12.92081356
378,0,-468416883.3,-487792601.9,0,-19375718.62,0,-0.03472633185,-19375718.62,-0.03472633185,1.515259803,322.6988955,1.360835,2041.01166,0,0,-468416883.3,-468416883.3,0,-474270468.2,150,12.9400866
379,0,-468416883.3,-468423661.6,-5.960464478e-08,-6778.239658,-1.068270403e-16,-1.214837005e-05,-6778.239658,-1.214837005e-05,4.894309448,4.894309448,0.16766,0.268115,0,0,-468416883.3,-468416883.3,0,-474270468.2,151,13.03403592
380,0,-468416883.3,-474042116.4,2.384185791e-07,-5625233.061,4.273081613e-16,-0.01008188206,-5625233.061,-0.01008188206,2.061385545,25.93861446,1,146.22827,0,0,-468416883.3,-468416883.3,0,-474270468.2,152,13.20734549
381,0,-468416883.3,-471867868.3,1.788139343e-07,-3450985.014,3.20481121e-16,-0.006185063542,-3450985.014,-0.006185063542,3.198790406,3.198790406,0.17043,0.474455,0,0,-468416883.3,-468416883.3,0,-474270468.2,153,13.23376226
382,0,-468416883.3,-473265853.6,2.980232239e-07,-4848970.253,5.341352017e-16,-0.008690617028,-4848970.253,-0.008690617028,2.698255656,20.30174434,1,88.16668,0,0,-468416883.3,-468416883.3,0,-474270468.2,154,13.25729299
383,0,-468416883.3,-462884842.9,4.172325134e-07,5532040.374,7.477892823e-16,0.009914856508,5532040.374,0.009914856508,1.718400011,1.718400011,0.09968,0.147565,0,0,-468416883.3,-468416883.3,0,-474270468.2,155,13.27683592
384,0,-468416883.3,-501352305.7,2.980232239e-07,-32935422.42,5.341352017e-16,-0.05902885106,-32935422.42,-0.05902885106,1.331654515,20.66834549,1,88.232995,0,0,-468416883.3,-468416883.3,0,-474270468.2,156,13.30122066
385,0,-489781299.2,-495543791.8,-21364415.91,-27126908.5,-0.03829059512,-0.048618482,-5762492.592,-0.01032788688,2.843719217,2.843719217,0.108405,0.30799,0,0,-468416883.3,-468416883.3,0,-474270468.2,157,13.3228488
386,0,-489884440.2,-486337755.8,-21467556.87,-17920872.48,-0.03847545056,-0.03211886883,3546684.388,0.006356581733,1.881799022,1.881799022,0.045035,0.118855,0,0,-468416883.3,-468416883.3,0,-474270468.2,158,13.34080863
387,0,-484133403.7,-476048644.4,-15716520.38,-7631761.084,-0.028168096,-0.01367810264,8084759.294,0.01448999336,0.9015851034,27.0984149,1,159.995295,0,0,-468416883.3,-468416883.3,0,-474270468.2,159,13.35781169
388,0,-473951551.4,-468008522.8,-5534668.047,408360.5613,-0.009919565982,0.0007318884346,5943028.608,0.01065145442,1.744312439,1.744312439,0.18253,0.227565,0,0,-468416883.3,-468416883.3,0,-474270468.2,160,13.37459373
389,0,-471895430.6,-472076834.7,-3478547.228,-3659951.421,-0.006234462205,-0.006559585742,-181404.192,-0.0003251235371,0.7954568704,0.7954568704,0.045035,0.045035,0,0,-468416883.3,-468416883.3,0,-474270468.2,161,13.39138889
390,0,-472396690,-469914746.7,-3979806.727,-1497863.386,-0.007132849719,-0.002684561127,2481943.341,0.004448288591,0.6722461873,17.32775381,1,118.858615,0,0,-468416883.3,-468416883.3,0,-474270468.2,162,13.40790677
391,0,-468416883.3,-468941621.8,3.576278687e-07,-524738.4771,6.40962242e-16,-0.0009404679563,-524738.4771,-0.0009404679563,1.241539415,1.241539415,0.18253,0.21645,0,0,-468416883.3,-468416883.3,0,-474270468.2,163,13.42468667
392,0,-468416883.3,-469914898.3,4.768371582e-07,-1498014.98,8.546163227e-16,-0.002684832822,-1498014.98,-0.002684832822,1.241539415,12.75846059,1,72.143025,0,0,-468416883.3,-468416883.3,0,-474270468.2,164,13.43892407
393,0,-468416883.3,-471419811,2.980232239e-07,-3002927.688,5.341352017e-16,-0.005382028171,-3002927.688,-0.005382028171,1.5672037,1.5672037,0.045705,0.09074,0,0,-468416883.3,-468416883.3,0,-474270468.2,165,13.4564271
394,0,-471450251.2,-466719846.5,-3033367.896,1697036.823,-0.005436584947,0.003041531777,4730404.719,0.008478116724,0.7683877609,10.23161224,1,48.77741,0,0,-468416883.3,-468416883.3,0,-474270468.2,166,13.4737761
395,0,-471293754.8,-471585387.5,-2876871.507,-3168504.22,-0.005156102677,-0.00567878442,-291632.7132,-0.0005226817429,0.5972466029,0.5972466029,0.050915,0.052535,0,0,-468416883.3,-468416883.3,0,-474270468.2,167,13.4900775
396,0,-471795014.3,-480337073.4,-3378131.005,-11920190.09,-0.006054490191,-0.02136408383,-8542059.084,-0.01530959364,0.4740359199,25.52596408,1,152.904555,0,0,-468416883.3,-468416883.3,0,-474270468.2,168,13.50642061
397,0,-473650747.9,-473880983,-5233864.546,-5464099.646,-0.0093804478,-0.009793089036,-230235.0997,-0.0004126412358,3.465844502,3.465844502,0.045705,0.09074,0,0,-468416883.3,-468416883.3,0,-474270468.2,169,13.52309918
398,0,-473911423.2,-478214211.8,-5494539.853,-9797328.481,-0.009847645812,-0.01755936318,-4302788.628,-0.007711717368,0.7683877609,28.23161224,1,168.893655,0,0,-468416883.3,-468416883.3,0,-474270468.2,170,13.5406518
399,0,-471795014.3,-576842183.5,-3378131.005,-108425300.2,-0.006054490191,-0.1943263644,-105047169.2,-0.1882718742,0.4740359199,321.5514538,1.50629,2135.103475,0,0,-468416883.3,-468416883.3,0,-474270468.2,171,13.55764723
400,0,-473163750.6,-477839894.1,-4746867.311,-9423010.776,-0.008507621974,-0.01688848841,-4676143.465,-0.008380866431,8.689410809,8.689410809,0.447835,0.65778,0,0,-468416883.3,-468416883.3,0,-474270468.2,172,13.64631629
401,0,-468416883.3,-469460091.9,2.384185791e-07,-1043208.538,4.273081613e-16,-0.001869701278,-1043208.538,-0.001869701278,2.265383386,2.265383386,0.033205,0.11841,0,0,-468416883.3,-468416883.3,0,-474270468.2,173,13.80898237
402,0,-468416883.3,-448400968.7,1.788139343e-07,20015914.61,3.20481121e-16,0.03587372973,20015914.61,0.03587372973,1.648557031,28.35144297,1,144.333155,0,0,-468416883.3,-468416883.3,0,-474270468.2,174,13.84523964
403,0,-468416883.3,-462889673.5,2.384185791e-07,5527209.82,4.273081613e-16,0.009906198898,5527209.82,0.009906198898,1.385202068,1.385202068,0.031855,0.038565,0,0,-468416883.3,-468416883.3,0,-474270468.2,175,13.87559509
404,0,-468416883.3,-489692432.1,2.980232239e-07,-21275548.74,5.341352017e-16,-0.03813132202,-21275548.74,-0.03813132202,1.385202068,20.61479793,1,111.61261,0,0,-468416883.3,-468416883.3,0,-474270468.2,176,13.892488
405,0,-484495613.1,-487548962.7,-16078729.79,-19132079.39,-0.02881726956,-0.03428966693,-3053349.604,-0.00547239737,1.441740618,1.441740618,0.07752,0.2168,0,0,-468416883.3,-468416883.3,0,-474270468.2,177,13.91751647
406,0,-490112557.9,-466365226.6,-21695674.57,2051656.765,-0.03888429688,0.003677103031,23747331.34,0.04256139991,1.140982633,20.85901737,1.05986,99.546645,0,0,-468416883.3,-468416883.3,0,-474270468.2,178,13.93489814
407,0,-479768564.8,-482483973.3,-11351681.5,-14067089.96,-0.02034516843,-0.0252118873,-2715408.466,-0.004866718875,0.6887693343,0.6887693343,0.031855,0.036095,0,0,-468416883.3,-468416883.3,0,-474270468.2,179,13.95456243
408,0,-482030490.6,-458049480.4,-13613607.26,10367402.92,-0.02439912824,0.01858108499,23981010.18,0.04298021323,0.2895964214,20.71040358,1.09424,118.63527,0,0,-468416883.3,-468416883.3,0,-474270468.2,180,13.97129202
409,0,-468697338.6,-474313346.4,-280455.2641,-5896463.045,-0.0005026488443,-0.01056799681,-5616007.781,-0.01006534796,1.598054749,1.598054749,0.16678,0.273415,0,0,-468416883.3,-468416883.3,0,-474270468.2,181,13.98796296
410,0,-476372437.8,-480394381.3,-7955554.506,-11977497.95,-0.01425842475,-0.02146679444,-4021943.446,-0.007208369689,1.171190669,27.82880933,1,170.94504,0,0,-468416883.3,-468416883.3,0,-474270468.2,182,14.00496173
411,0,-481393349.4,-482947559.8,-12976466.07,-14530676.47,-0.02325720536,-0.02604275501,-1554210.402,-0.002785549649,0.6880584105,0.6880584105,0.031855,0.0709,0,0,-468416883.3,-468416883.3,0,-474270468.2,183,14.0218339
412,0,-482348082.4,-479022322.8,-13931199.11,-10605439.52,-0.02496833552,-0.01900770854,3325759.588,0.005960626978,0.5487009573,22.45129904,1,119.185465,0,0,-468416883.3,-468416883.3,0,-474270468.2,184,14.04145551
413,0,-468416883.3,-462608004.4,1.788139343e-07,5808878.935,3.20481121e-16,0.01041102328,5808878.935,0.01041102328,2.503581632,2.503581632,0.08856,0.185,0,0,-468416883.3,-468416883.3,0,-474270468.2,185,14.06050301
414,0,-468416883.3,-496054687.4,1.788139343e-07,-27637804.07,3.20481121e-16,-0.04953413984,-27637804.07,-0.04953413984,1.814935052,19.18506495,1,73.847755,0,0,-468416883.3,-468416883.3,0,-474270468.2,186,14.08060384
415,0,-477605436.4,-476824931.4,-9188553.097,-8408048.097,-0.01646827921,-0.01506941106,780504.9993,0.001398868148,1.871031121,1.871031121,0.21764,0.300705,0,0,-468416883.3,-468416883.3,0,-474270468.2,187,14.10116506
416,0,-477751046.4,-481372787.1,-9334163.038,-12955903.75,-0.01672925013,-0.02322035234,-3621740.714,-0.006491102209,1.641753102,1.641753102,0.08037,0.212175,0,0,-468416883.3,-468416883.3,0,-474270468.2,188,14.11734009
417,0,-483949779.4,-486400406.2,-15532896.08,-17983522.92,-0.02783899346,-0.03223115473,-2450626.841,-0.004392161272,1.279515515,11.72048448,1,34.273135,0,0,-468416883.3,-468416883.3,0,-474270468.2,189,14.13377261
418,0,-479130964.5,-479525197.7,-10714081.13,-11108314.36,-0.01920242259,-0.01990899117,-394233.2304,-0.0007065685797,1.533217477,1.533217477,0.08856,0.22083,0,0,-468416883.3,-468416883.3,0,-474270468.2,190,14.15137362
419,0,-478662815.7,-490108446.2,-10245932.35,-21691562.84,-0.0183633781,-0.03887692758,-11445630.49,-0.02051354948,1.48617568,12.51382432,1,52.377735,0,0,-468416883.3,-468416883.3,0,-474270468.2,191,14.16782069
420,0,-480878829.4,-480340250.6,-12461946.1,-11923367.23,-0.02233505163,-0.02136977809,538578.867,0.0009652735381,1.033350342,1.033350342,0.043765,0.06647,0,0,-468416883.3,-468416883.3,0,-474270468.2,192,14.18437195
421,0,-480878316.2,-485981021.8,-12461432.88,-17564138.45,-0.02233413181,-0.03147950858,-5102705.571,-0.009145376773,1.032263139,20.96773686,1,126.474375,0,0,-468416883.3,-468416883.3,0,-474270468.2,193,14.2008729
422,0,-477934298.6,-477606712.8,-9517415.248,-9189829.446,-0.0170576858,-0.01647056676,327585.8028,0.0005871190391,0.5296321754,0.5296321754,0.031855,0.052545,0,0,-468416883.3,-468416883.3,0,-474270468.2,194,14.21710944
423,0,-477611680.1,-489885666.6,-9194796.732,-21468783.26,-0.01647946943,-0.03847764858,-12273986.53,-0.02199817915,0.3977363482,28.60226365,1,159.37691,0,0,-468416883.3,-468416883.3,0,-474270468.2,195,14.23352647
424,0,-486039472.6,-487588820.1,-17622589.28,-19171936.82,-0.03158426768,-0.03436110182,-1549347.546,-0.002776834144,1.534080638,1.534080638,0.09357,0.23985,0,0,-468416883.3,-468416883.3,0,-474270468.2,196,14.25043583
425,0,-486039472.6,-477677297.4,-17622589.28,-9260414.124,-0.03158426768,-0.01659707288,8362175.154,0.0149871948,1.534080638,26.46591936,1,156.153105,0,0,-468416883.3,-468416883.3,0,-474270468.2,197,14.268013
426,0,-481025548.5,-481565020.4,-12608665.22,-13148137.11,-0.02259801049,-0.02356488455,-539471.8893,-0.0009668740665,1.285685546,1.285685546,0.031855,0.08392,0,0,-468416883.3,-468416883.3,0,-474270468.2,198,14.2849195
427,0,-481320837.2,-477506118.1,-12903953.91,-9089234.8,-0.02312724469,-0.01629027496,3814719.106,0.006836969724,0.6227636883,25.37723631,1,143.88661,0,0,-468416883.3,-468416883.3,0,-474270468.2,199,14.30236578
428,0,-476007652.3,-475850408.9,-7590768.98,-7433525.58,-0.01360463412,-0.01332281301,157243.4007,0.0002818211093,0.4965617603,0.4965617603,0.043765,0.054995,0,0,-468416883.3,-468416883.3,0,-474270468.2,200,14.31894064
429,0,-476028319.2,-481268854.9,-7611435.854,-12851971.62,-0.01364167454,-0.02303407891,-5240535.769,-0.009392404369,0.446052134,15.55394787,1,108.20555,0,0,-468416883.3,-468416883.3,0,-474270468.2,201,14.33560276
430,0,-475808156.3,-476078870.2,-7391272.984,-7661986.883,-0.01324708536,-0.01373227514,-270713.8985,-0.0004851897812,1.124933144,1.124933144,0.09357,0.125425,0,0,-468416883.3,-468416883.3,0,-474270468.2,202,14.35228062
431,0,-475929025.2,-481829799.8,-7512141.875,-13412916.52,-0.01346371388,-0.02403943818,-5900774.64,-0.01057572431,1.098356027,14.90164397,1,90.12317,0,0,-468416883.3,-468416883.3,0,-474270468.2,203,14.36900806
432,0,-475612161.6,-464117207,-7195278.275,4299676.311,-0.01289581182,0.007706139285,11494954.59,0.0206019511,1.135551108,308.6062193,1.21706,2002.152175,0,0,-468416883.3,-468416883.3,0,-474270468.2,204,14.3855772
433,0,-473034765.3,-476473067.6,-4617882.028,-8056184.291,-0.008276446769,-0.01443877952,-3438302.263,-0.00616233275,4.217803651,4.217803651,0.15827,0.286775,0,0,-468416883.3,-468416883.3,0,-474270468.2,205,14.46393394
434,0,-478321224.6,-480541379.6,-9904341.298,-12124496.27,-0.01775115801,-0.0217302537,-2220154.975,-0.00397909569,1.879315416,1.879315416,0.085045,0.128505,0,0,-468416883.3,-468416883.3,0,-474270468.2,206,14.60094213
435,0,-480875305.5,-472627990.3,-12458422.2,-4211107.026,-0.02232873588,-0.007547400069,8247315.17,0.01478133581,1.209496799,10.7905032,1,31.521765,0,0,-468416883.3,-468416883.3,0,-474270468.2,207,14.61755013
436,0,-478942329.7,-481854111,-10525446.34,-13437227.65,-0.01886433994,-0.02408301006,-2911781.307,-0.005218670127,1.532716146,1.532716146,0.032435,0.032435,0,0,-468416883.3,-468416883.3,0,-474270468.2,208,14.63470125
437,0,-481682417.9,-478027041,-13265534.57,-9610157.726,-0.02377529137,-0.01722390446,3655376.844,0.00655138691,0.2782925783,24.72170742,1,153.169935,0,0,-468416883.3,-468416883.3,0,-474270468.2,209,14.65120506
438,0,-481719839.7,-483649894.4,-13302956.38,-15233011.06,-0.02384236099,-0.02730152143,-1930054.682,-0.003459160442,0.9294658551,0.9294658551,0.049635,0.049635,0,0,-468416883.3,-468416883.3,0,-474270468.2,210,14.66793466
439,0,-483898880.9,-476331496.8,-15481997.62,-7914613.516,-0.02774777018,-0.01418504783,7567384.108,0.01356272234,0.3904885532,27.60951145,1,170.17198,0,0,-468416883.3,-468416883.3,0,-474270468.2,211,14.68494964
440,0,-480626939.8,-481874787.6,-12210056.43,-13457904.29,-0.02188359978,-0.02412006798,-1247847.852,-0.002236468204,0.5778394182,0.5778394182,0.042995,0.042995,0,0,-468416883.3,-468416883.3,0,-474270468.2,212,14.70123839
441,0,-481659109.6,-471226277.3,-13242226.29,-2809393.979,-0.02373351686,-0.005035165381,10432832.31,0.01869835148,0.3382503344,20.66174967,1.02109,123.58331,0,0,-468416883.3,-468416883.3,0,-474270468.2,213,14.71795154
442,0,-481719839.7,-573078058.3,-13302956.38,-104661175,-0.02384236099,-0.187580072,-91358218.59,-0.163737711,0.9294658551,312.0705341,1.02707,2023.026005,0,0,-468416883.3,-468416883.3,0,-474270468.2,214,14.73471475
443,0,-468416883.3,-468841884.5,-5.960464478e-07,-425001.1964,-1.068270403e-15,-0.0007617127846,-425001.1964,-0.0007617127846,4.99061226,4.99061226,0.09129,0.149665,0,0,-468416883.3,-468416883.3,0,-474270468.2,215,14.82464051
444,0,-469013961,-475854391.9,-597077.7028,-7437508.604,-0.001070118681,-0.01332995163,-6840430.901,-0.01225983295,1.000055571,20.99994443,1,117.5405,0,0,-468416883.3,-468416883.3,0,-474270468.2,216,14.98131537
445,0,-477375045.4,-480022995.8,-8958162.056,-11606112.5,-0.01605535849,-0.02080117502,-2647950.442,-0.004745816533,1.029214394,1.029214394,0.05809,0.12289,0,0,-468416883.3,-468416883.3,0,-474270468.2,217,14.99894118
446,0,-478657257.1,-456497333.5,-10240373.74,11919549.8,-0.01835341563,0.02136293626,22159923.54,0.03971635188,0.5763154332,20.42368457,1.16542,123.86178,0,0,-468416883.3,-468416883.3,0,-474270468.2,218,15.01906061
447,0,-471014109.5,-472989262.6,-2597226.223,-4572379.264,-0.004654905529,-0.008194893969,-1975153.041,-0.003539988441,0.8592330054,0.8592330054,0.056335,0.056335,0,0,-468416883.3,-468416883.3,0,-474270468.2,219,15.03583336
448,0,-472706666.5,-469161842.2,-4289783.149,-744958.8974,-0.007688408163,-0.001335160279,3544824.251,0.006353247883,0.4431988042,26.5568012,1,170.127925,0,0,-468416883.3,-468416883.3,0,-474270468.2,220,15.05225015
449,0,-473635324.8,-474764369.4,-5218441.438,-6347486.035,-0.009352805575,-0.01137634742,-1129044.597,-0.002023541843,0.5490748678,0.5490748678,0.033535,0.033535,0,0,-468416883.3,-468416883.3,0,-474270468.2,221,15.0683918
450,0,-474932592.7,-481117154.7,-6515709.355,-12700271.37,-0.0116778474,-0.02276219256,-6184562.015,-0.01108434516,0.2638266069,14.73617339,1,107.05587,0,0,-468416883.3,-468416883.3,0,-474270468.2,222,15.0849216
451,0,-473652751.8,-470854142,-5235868.504,-2437258.714,-0.009384039414,-0.004368202107,2798609.79,0.005015837307,1.158413743,1.158413743,0.14899,0.205325,0,0,-468416883.3,-468416883.3,0,-474270468.2,223,15.10124087
452,0,-473822133.7,-475401997.7,-5405250.337,-6985114.369,-0.009687615754,-0.01251914339,-1579864.032,-0.002831527632,0.7284470652,0.7284470652,0.056335,0.056335,0,0,-468416883.3,-468416883.3,0,-474270468.2,224,15.11737418
453,0,-475119401.6,-480002828.4,-6702518.254,-11585945.12,-0.01201265758,-0.02076502983,-4883426.87,-0.008752372255,0.4431988042,10.5568012,1,64.11351,0,0,-468416883.3,-468416883.3,0,-474270468.2,225,15.131495
454,0,-473465942.9,-470216513.7,-5049059.605,-1799630.38,-0.009049229235,-0.003225406139,3249429.225,0.005823823096,0.9790415458,0.9790415458,0.14899,0.182525,0,0,-468416883.3,-468416883.3,0,-474270468.2,226,15.14752793
455,0,-473635324.8,-576125931.3,-5218441.438,-107709048,-0.009352805575,-0.1930426539,-102490606.5,-0.1836898483,0.5490748678,324.0214217,1.16467,2248.81178,0,0,-468416883.3,-468416883.3,0,-474270468.2,227,15.16370916
456,0,-473086395.9,-472554155.9,-4669512.591,-4137272.592,-0.008368982179,-0.007415069543,532239.9986,0.0009539126357,8.189723038,8.189723038,0.12753,0.27706,0,0,-468416883.3,-468416883.3,0,-474270468.2,228,15.21224451
457,0,-468416883.3,-470676293.4,-2.980232239e-07,-2259410.114,-5.341352017e-16,-0.004049451117,-2259410.114,-0.004049451117,3.506909293,3.506909293,0.226015,0.51734,0,0,-468416883.3,-468416883.3,0,-474270468.2,229,15.37324095
458,0,-468416883.3,-470583266.4,-2.384185791e-07,-2166383.098,-4.273081613e-16,-0.003882722487,-2166383.098,-0.003882722487,2.342573282,2.342573282,0.14066,0.30848,0,0,-468416883.3,-468416883.3,0,-474270468.2,230,15.39222097
459,0,-468416883.3,-469497501.6,-2.980232239e-07,-1080618.242,-5.341352017e-16,-0.001936749207,-1080618.242,-0.001936749207,1.265453574,1.265453574,0.03961,0.103075,0,0,-468416883.3,-468416883.3,0,-474270468.2,231,15.41013837
460,0,-468547726.7,-455583411,-130843.4099,12833472.29,-0.0002345054531,0.02300092328,12964315.7,0.02323542874,0.4954809251,23.50451907,1,122.62492,0,0,-468416883.3,-468416883.3,0,-474270468.2,232,15.43138051
461,0,-468416883.3,-471183145.7,-2.980232239e-07,-2766262.378,-5.341352017e-16,-0.004957862324,-2766262.378,-0.004957862324,2.347185419,2.347185419,0.07742,0.089935,0,0,-468416883.3,-468416883.3,0,-474270468.2,233,15.45005369
462,0,-470894385.3,-459458467.2,-2477501.98,8958416.165,-0.004440328517,0.01605581391,11435918.14,0.02049614243,0.7617406277,11.23825937,1,40.41856,0,0,-468416883.3,-468416883.3,0,-474270468.2,234,15.47205544
463,0,-468416883.3,-472134257.1,-2.980232239e-07,-3717373.785,-5.341352017e-16,-0.006662501568,-3717373.785,-0.006662501568,1.306058476,1.306058476,0.008145,0.012515,0,0,-468416883.3,-468416883.3,0,-474270468.2,235,15.48971891
464,0,-471631244,-470623537,-3214360.716,-2206653.662,-0.005760971199,-0.00395489782,1007707.054,0.001806073378,0.1161003257,16.88389967,1,112.17739,0,0,-468416883.3,-468416883.3,0,-474270468.2,236,15.50825548
465,0,-468416883.3,-515258586.1,-2.980232239e-07,-46841702.75,-5.341352017e-16,-0.08395252564,-46841702.75,-0.08395252564,1.306058476,323.0533334,1.79575,1911.92361,0,0,-468416883.3,-468416883.3,0,-474270468.2,237,15.52555251
466,0,-468416883.3,-469043701.3,1.788139343e-07,-626817.9591,3.20481121e-16,-0.001123420962,-626817.9591,-0.001123420962,11.85195654,11.85195654,0.296755,0.66719,0,0,-468416883.3,-468416883.3,0,-474270468.2,238,15.61466837
467,0,-468416883.3,-472755604.1,1.788139343e-07,-4338720.728,3.20481121e-16,-0.007776117046,-4338720.728,-0.007776117046,2.978901477,2.978901477,0.22011,0.370705,0,0,-468416883.3,-468416883.3,0,-474270468.2,239,15.81036401
468,0,-468416883.3,-478861502.6,1.788139343e-07,-10444619.33,3.20481121e-16,-0.01871947688,-10444619.33,-0.01871947688,2.978901477,10.72284008,1,8.908845,0,0,-468416883.3,-468416883.3,0,-474270468.2,240,15.8225677
469,0,-468416883.3,-463591534.9,4.172325134e-07,4825348.434,7.477892823e-16,0.008648280579,4825348.434,0.008648280579,2.448989502,2.448989502,0.09885,0.09913,0,0,-468416883.3,-468416883.3,0,-474270468.2,241,15.86036372
470,0,-468416883.3,-487372483.1,4.172325134e-07,-18955599.74,7.477892823e-16,-0.03397336945,-18955599.74,-0.03397336945,1.584404681,17.41559532,1,30.1153,0,0,-468416883.3,-468416883.3,0,-474270468.2,242,15.88126421
471,0,-473135319.4,-472857745.1,-4718436.074,-4440861.802,-0.008456665796,-0.007959180441,277574.2712,0.000497485355,0.8157995768,0.8157995768,0,0,1,0,-468416883.3,-468416883.3,0,-474270468.2,243,15.91048193
472,0,-472857745.1,-487035993.4,-4440861.802,-18619110.08,-0.007959180441,-0.03337029238,-14178248.28,-0.02541111194,0,21,1,127.35542,0,0,-468416883.3,-468416883.3,0,-474270468.2,244,15.92982316
473,0,-470379616.9,-472333086.2,-1962733.554,-3916202.833,-0.003517729488,-0.007018854984,-1953469.279,-0.003501125496,0.4770524188,0.4770524188,0.06827,0.12019,0,0,-468416883.3,-468416883.3,0,-474270468.2,245,15.94644094
474,0,-470379616.9,-468153073.4,-1962733.554,263809.9435,-0.003517729488,0.0004728160964,2226543.498,0.003990545585,0.4770524188,26.52294758,1,156.888195,0,0,-468416883.3,-468416883.3,0,-474270468.2,246,15.96280384
475,0,-471053658.9,-465950248.8,-2636775.595,2466634.493,-0.004725788299,0.004420851152,5103410.088,0.00914663945,1.260877908,1.260877908,0.08761,0.08761,0,0,-468416883.3,-468416883.3,0,-474270468.2,247,15.9796133
476,0,-468416883.3,-484131783.8,4.172325134e-07,-15714900.47,7.477892823e-16,-0.02816519271,-15714900.47,-0.02816519271,0.4479233757,17.55207662,1,123,0,0,-468416883.3,-468416883.3,0,-474270468.2,248,15.99712396
477,0,-472652163.1,-476164635.7,-4235279.745,-7747752.35,-0.007590723874,-0.01388598919,-3512472.605,-0.006295265311,0.9066068117,0.9066068117,0.11797,0.21087,0,0,-468416883.3,-468416883.3,0,-474270468.2,249,16.01403832
478,0,-471342387.3,-470498104.5,-2925503.943,-2081221.162,-0.005243264663,-0.003730090127,844282.7808,0.001513174536,0.1489946411,0.1489946411,0,0,1,0,-468416883.3,-468416883.3,0,-474270468.2,250,16.03077316
479,0,-470498104.5,-476024584.9,-2081221.162,-7607701.53,-0.003730090127,-0.01363498166,-5526480.368,-0.00990489153,0,15,1,109,0,0,-468416883.3,-468416883.3,0,-474270468.2,251,16.04712939
480,0,-468416883.3,-622969394.9,2.980232239e-07,-154552511.6,5.341352017e-16,-0.2769983354,-154552511.6,-0.2769983354,0.5665017412,342.7259165,1.757795,2232.897195,0,0,-468416883.3,-468416883.3,0,-474270468.2,252,16.06369853
481,0,-468841055.8,-460204607.8,-424172.4968,8212275.497,-0.0007602275392,0.0147185356,8636447.994,0.01547876313,5.739276493,5.739276493,0.08349,0.172945,0,0,-468416883.3,-468416883.3,0,-474270468.2,253,16.12782884
482,0,-468416883.3,-469326551,-5.960464478e-08,-909667.7123,-1.068270403e-16,-0.001630361354,-909667.7123,-0.001630361354,1.042440256,1.042440256,0.052955,0.09321,0,0,-468416883.3,-468416883.3,0,-474270468.2,254,16.2823863
483,0,-468674157.3,-467607551.2,-257273.9405,809332.0958,-0.0004611018776,0.001450533809,1066606.036,0.001911635687,0.8459707752,11.15402922,1,52.28034,0,0,-468416883.3,-468416883.3,0,-474270468.2,255,16.30374813
484,0,-468416883.3,-465969009.9,-5.960464478e-08,2447873.462,-1.068270403e-16,0.0043872265,2447873.462,0.0043872265,1.295537329,1.295537329,0.05986,0.063615,0,0,-468416883.3,-468416883.3,0,-474270468.2,256,16.32143664
485,0,-468416883.3,-495208653.8,5.960464478e-08,-26791770.45,1.068270403e-16,-0.04801782736,-26791770.45,-0.04801782736,0.9015308299,12.09846917,1,28.55468,0,0,-468416883.3,-468416883.3,0,-474270468.2,257,16.34200525
486,0,-476543454.9,-476770329,-8126571.533,-8353445.698,-0.01456493178,-0.01497154935,-226874.1656,-0.0004066175669,1.067924793,1.067924793,0.05986,0.14895,0,0,-468416883.3,-468416883.3,0,-474270468.2,258,16.36965275
487,0,-474617767.4,-464148770.2,-6200884.1,4268113.117,-0.01111359859,0.007649569825,10468997.22,0.01876316841,0.9081541742,21.09184583,1,117.09917,0,0,-468416883.3,-468416883.3,0,-474270468.2,259,16.38727546
488,0,-468416883.3,-468544484.5,0,-127601.1471,0,-0.0002286944741,-127601.1471,-0.0002286944741,1.488847307,1.488847307,0.08349,0.13455,0,0,-468416883.3,-468416883.3,0,-474270468.2,260,16.40420794
489,0,-468416883.3,-465400692.7,-5.960464478e-08,3016190.614,-1.068270403e-16,0.005405798786,3016190.614,0.005405798786,1.133074822,1.133074822,0.05106,0.05106,0,0,-468416883.3,-468416883.3,0,-474270468.2,261,16.42178583
490,0,-468416883.3,-486075606.2,-5.960464478e-08,-17658722.9,-1.068270403e-16,-0.03164902853,-17658722.9,-0.03164902853,0.8613061565,18.13869384,1,124.2437,0,0,-468416883.3,-468416883.3,0,-474270468.2,262,16.43942332
491,0,-471706824.8,-476450735,-3289941.474,-8033851.674,-0.005896431593,-0.01439875366,-4743910.2,-0.008502322063,1.580338506,1.580338506,0.16993,0.29568,0,0,-468416883.3,-468416883.3,0,-474270468.2,263,16.45930934
492,0,-471460428.6,-471902879.3,-3043545.306,-3485996.019,-0.005454825516,-0.006247812376,-442450.7127,-0.0007929868605,0.8717969874,0.8717969874,0.05986,0.1025,0,0,-468416883.3,-468416883.3,0,-474270468.2,264,16.47594547
493,0,-470620018.9,-478603914.6,-2203135.616,-10187031.32,-0.003948592568,-0.01825781212,-7983895.704,-0.01430921955,0.6870044712,11.31299553,1,61.53068,0,0,-468416883.3,-468416883.3,0,-474270468.2,265,16.49194074
494,0,-468416883.3,-469948548.4,-1.192092896e-07,-1531665.041,-2.136540807e-16,-0.002745142493,-1531665.041,-0.002745142493,1.430519925,1.430519925,0.16993,0.24424,0,0,-468416883.3,-468416883.3,0,-474270468.2,266,16.50991106
495,0,-468416883.3,-483228942.7,-5.960464478e-08,-14812059.39,-1.068270403e-16,-0.02654706645,-14812059.39,-0.02654706645,1.341476649,11.65852335,1,64.43588,0,0,-468416883.3,-468416883.3,0,-474270468.2,267,16.52753878
496,0,-471305329.7,-472588190.2,-2888446.427,-4171306.829,-0.005176847947,-0.007476067756,-1282860.403,-0.002299219809,0.6870044712,0.6870044712,0.05986,0.1025,0,0,-468416883.3,-468416883.3,0,-474270468.2,268,16.54574585
497,0,-471305329.7,-478864649.1,-2888446.427,-10447765.74,-0.005176847947,-0.01872511608,-7559319.315,-0.01354826813,0.6870044712,19.31299553,1,127.188715,0,0,-468416883.3,-468416883.3,0,-474270468.2,269,16.56210446
498,0,-470321567.7,-470432443.3,-1904684.389,-2015560.011,-0.003413690272,-0.003612408251,-110875.6219,-0.0001987179787,0.8066440958,0.8066440958,0.05106,0.05106,0,0,-468416883.3,-468416883.3,0,-474270468.2,270,16.57876229
499,0,-470240005.4,-461822891.2,-1823122.096,6593992.101,-0.00326750941,0.01181815046,8417114.197,0.01508565987,0.4016993156,22.59830068,1,136.66233,0,0,-468416883.3,-468416883.3,0,-474270468.2,271,16.59664798
500,0,-468416883.3,-465405528.1,-1.788139343e-07,3011355.249,-3.20481121e-16,0.005397132553,3011355.249,0.005397132553,1.023096444,1.023096444,0.05986,0.05986,0,0,-468416883.3,-468416883.3,0,-474270468.2,272,16.61422491
501,0,-468416883.3,-478110076.1,-5.960464478e-08,-9693192.808,-1.068270403e-16,-0.01737272494,-9693192.808,-0.01737272494,0.9151223177,26.08487768,1,154.013755,0,0,-468416883.3,-468416883.3,0,-474270468.2,273,16.63407016
502,0,-473499182.3,-476048349.1,-5082298.961,-7631465.754,-0.009108802815,-0.01367757333,-2549166.792,-0.004568770517,1.119208185,1.119208185,0.08399,0.213245,0,0,-468416883.3,-468416883.3,0,-474270468.2,274,16.66189718
503,0,-473499182.3,-474882356,-5082298.961,-6465472.654,-0.009108802815,-0.01158781016,-1383173.693,-0.00247900734,1.119208185,11.88079182,1,64.232055,0,0,-468416883.3,-468416883.3,0,-474270468.2,275,16.67944384
504,0,-468416883.3,-468789459.1,-1.788139343e-07,-372575.7524,-3.20481121e-16,-0.0006677527411,-372575.7524,-0.0006677527411,1.357616265,1.357616265,0.065465,0.125325,0,0,-468416883.3,-468416883.3,0,-474270468.2,276,16.69613361
505,0,-468895209.4,-468588043.2,-478326.0751,-171159.9115,-0.0008572848494,-0.0003067631196,307166.1636,0.0005505217298,0.8758754702,0.8758754702,0.05986,0.05986,0,0,-468416883.3,-468416883.3,0,-474270468.2,277,16.71272516
506,0,-468813647.1,-460939860.8,-396763.7817,7477022.49,-0.0007111039864,0.0134007708,7873786.272,0.01411187479,0.47093069,19.52906931,1,122.16887,0,0,-468416883.3,-468416883.3,0,-474270468.2,278,16.72919345
507,0,-468416883.3,-469067102.8,-1.788139343e-07,-650219.5162,-3.20481121e-16,-0.001165362645,-650219.5162,-0.001165362645,1.179707741,1.179707741,0.05106,0.05106,0,0,-468416883.3,-468416883.3,0,-474270468.2,279,16.74611235
508,0,-468874664.9,-473629480.1,-457781.6009,-5212596.802,-0.0008204638032,-0.009342330467,-4754815.201,-0.008521866664,0.4016993156,16.59830068,1,117.287035,0,0,-468416883.3,-468416883.3,0,-474270468.2,280,16.76689959
509,0,-468416883.3,-464040187.6,-1.192092896e-07,4376695.744,-2.136540807e-16,0.007844178159,4376695.744,0.007844178159,1.254713991,1.254713991,0.15506,0.265485,0,0,-468416883.3,-468416883.3,0,-474270468.2,281,16.78348541
510,0,-468416883.3,-479661990.4,-5.960464478e-08,-11245107.13,-1.068270403e-16,-0.02015415941,-11245107.13,-0.02015415941,1.254713991,26.74528601,1,175.195565,0,0,-468416883.3,-468416883.3,0,-474270468.2,282,16.80026317
511,0,-475355712,-475548149.9,-6938828.688,-7131266.603,-0.0124361874,-0.01278108624,-192437.9153,-0.0003448988416,0.4016993156,0.4016993156,0.05106,0.05106,0,0,-468416883.3,-468416883.3,0,-474270468.2,283,16.81705618
512,0,-475355712,-480110527.2,-6938828.688,-11693643.89,-0.0124361874,-0.02095805406,-4754815.201,-0.008521866664,0.4016993156,16.59830068,1,117.05986,0,0,-468416883.3,-468416883.3,0,-474270468.2,284,16.83118963
513,0,-470543427.7,-470521234.7,-2126544.4,-2104351.343,-0.003811321168,-0.003771545434,22193.05632,3.977573444e-05,0.47093069,0.47093069,0.05986,0.05986,0,0,-468416883.3,-468416883.3,0,-474270468.2,285,16.84735966
514,0,-470543427.7,-470650195.7,-2126544.4,-2233312.407,-0.003811321168,-0.004002677233,-106768.0077,-0.0001913560647,0.47093069,27.52906931,1,163.989685,0,0,-468416883.3,-468416883.3,0,-474270468.2,286,16.86160088
515,0,-468416883.3,-565675184,0,-97258300.69,0,-0.1743121941,-97258300.69,-0.1743121941,0.6484611755,335.745843,1.11916,2156.72143,0,0,-468416883.3,-468416883.3,0,-474270468.2,287,16.87781835
516,0,-468416883.3,-469961221.4,-1.192092896e-07,-1544338.115,-2.136540807e-16,-0.002767855939,-1544338.115,-0.002767855939,6.735360991,6.735360991,0.17292,0.300275,0,0,-468416883.3,-468416883.3,0,-474270468.2,288,16.95566416
517,0,-472482086.6,-477494220,-4065203.251,-9077336.697,-0.007285902522,-0.01626895047,-5012133.446,-0.008983047945,2.041041229,2.041041229,0.09276,0.220115,0,0,-468416883.3,-468416883.3,0,-474270468.2,289,17.14804792
518,0,-477085426.4,-465318083.8,-8668543.102,3098799.501,-0.01553628592,0.005553855417,11767342.6,0.02109014134,1.736343864,23.26365614,1,98.140565,0,0,-468416883.3,-468416883.3,0,-474270468.2,290,17.16586113
519,0,-468416883.3,-473159361.2,1.788139343e-07,-4742477.891,3.20481121e-16,-0.008499754991,-4742477.891,-0.008499754991,5.223291897,5.223291897,0.13513,0.334715,0,0,-468416883.3,-468416883.3,0,-474270468.2,291,17.19224668
520,0,-468416883.3,-465756488.7,2.980232239e-07,2660394.67,5.341352017e-16,0.00476811983,2660394.67,0.00476811983,1.969957575,1.969957575,0.095875,0.150325,0,0,-468416883.3,-468416883.3,0,-474270468.2,292,17.2147069
521,0,-468416883.3,-478184769.5,1.788139343e-07,-9767886.144,3.20481121e-16,-0.01750659485,-9767886.144,-0.01750659485,1.592097964,19.40790204,1,129.90801,0,0,-468416883.3,-468416883.3,0,-474270468.2,293,17.23416114
522,0,-474556117.8,-474345177.7,-6139234.519,-5928294.417,-0.01100310649,-0.01062504691,210940.1024,0.0003780595776,1.477672607,1.477672607,0.11003,0.16389,0,0,-468416883.3,-468416883.3,0,-474270468.2,294,17.25522351
523,0,-472225333.8,-470621367.2,-3808450.506,-2204483.92,-0.006825734762,-0.003951009078,1603966.586,0.002874725684,0.9847859368,9.015214063,1,54.14336,0,0,-468416883.3,-468416883.3,0,-474270468.2,295,17.27298975
524,0,-469793654.9,-470617747.3,-1376771.541,-2200863.953,-0.002467533017,-0.003944521156,-824092.4125,-0.001476988139,0.6082030523,0.6082030523,0.05445,0.05445,0,0,-468416883.3,-468416883.3,0,-474270468.2,296,17.28936696
525,0,-470460397.3,-475342628.1,-2043514.016,-6925744.825,-0.003662509105,-0.01241273771,-4882230.81,-0.008750228604,0.4615971516,29.53840285,1,175.71976,0,0,-468416883.3,-468416883.3,0,-474270468.2,297,17.30568409
526,0,-472331733.6,-474413318.3,-3914850.242,-5996435.002,-0.007016430788,-0.01074717258,-2081584.76,-0.003730741789,0.9759051553,0.9759051553,0.10818,0.16204,0,0,-468416883.3,-468416883.3,0,-474270468.2,298,17.32232594
527,0,-472331733.6,-472707323.6,-3914850.242,-4290440.262,-0.007016430788,-0.007689585882,-375590.0203,-0.0006731550938,0.9759051553,11.02409484,1,72.053985,0,0,-468416883.3,-468416883.3,0,-474270468.2,299,17.33877683
528,0,-469902157.8,-470685887.9,-1485274.481,-2269004.538,-0.002661998532,-0.004066646824,-783730.0572,-0.001404648291,0.5993280223,0.5993280223,0.05445,0.05445,0,0,-468416883.3,-468416883.3,0,-474270468.2,300,17.35513473
529,0,-470528537.9,-475583465.4,-2111654.6,-7166582.109,-0.003784634772,-0.01284438082,-5054927.508,-0.009059746046,0.4615971516,10.53840285,1,64.179185,0,0,-468416883.3,-468416883.3,0,-474270468.2,301,17.36931849
530,0,-469669930.7,-465797150.7,-1253047.356,2619732.635,-0.002245787067,0.004695242878,3872779.991,0.006941029946,1.319423385,1.319423385,0.17974,0.301575,0,0,-468416883.3,-468416883.3,0,-474270468.2,302,17.38571525
531,0,-469874271.2,-470345006.3,-1457387.853,-1928123.02,-0.002612018435,-0.003455698401,-470735.1669,-0.0008436799658,0.5943263268,0.5943263268,0.05386,0.05386,0,0,-468416883.3,-468416883.3,0,-474270468.2,303,17.40214849
532,0,-470500651.3,-474757819.8,-2083767.972,-6340936.487,-0.003734654674,-0.01136460892,-4257168.514,-0.007629954248,0.4565954561,9.543404544,1,53.054475,0,0,-468416883.3,-468416883.3,0,-474270468.2,304,17.41638136
533,0,-469697817.3,-466138032.2,-1280933.984,2278851.117,-0.002295767165,0.004084294456,3559785.101,0.00638006162,1.32442508,1.32442508,0.17974,0.302165,0,0,-468416883.3,-468416883.3,0,-474270468.2,305,17.43272686
534,0,-469902157.8,-680796466.9,-1485274.481,-212379583.6,-0.002661998532,-0.3806395027,-210894309.1,-0.3779775042,0.5993280223,337.3238663,1.95062,2239.302175,0,0,-468416883.3,-468416883.3,0,-474270468.2,306,17.449193
535,0,-468416883.3,-467897132,-5.960464478e-08,519751.3413,-1.068270403e-16,0.0009315297106,519751.3413,0.0009315297107,11.51632995,11.51632995,0.25731,0.783205,0,0,-468416883.3,-468416883.3,0,-474270468.2,307,17.54926682
536,0,-468416883.3,-464732052.7,4.172325134e-07,3684830.597,7.477892823e-16,0.006604175703,3684830.597,0.006604175703,3.281020179,3.281020179,0.23041,0.49877,0,0,-468416883.3,-468416883.3,0,-474270468.2,308,17.78621411
537,0,-468416883.3,-481129217.7,4.172325134e-07,-12712334.41,7.477892823e-16,-0.02278381266,-12712334.41,-0.02278381266,2.87949009,11.24355294,0.57191,1.10217,0,0,-468416883.3,-468416883.3,0,-474270468.2,309,17.8075788
538,0,-472238330.3,-470615078.9,-3821446.99,-2198195.546,-0.006849027844,-0.003939738675,1623251.444,0.00290928917,0.8340981219,0.8340981219,0.05716,0.06498,0,0,-468416883.3,-468416883.3,0,-474270468.2,310,17.84295011
539,0,-472149542.7,-479149404.6,-3732659.346,-10732521.25,-0.006689897272,-0.01923547208,-6999861.905,-0.01254557481,0.5604304807,15.43956952,1,103.08887,0,0,-468416883.3,-468416883.3,0,-474270468.2,311,17.8599906
540,0,-468416883.3,-468020700.5,3.576278687e-07,396182.8299,6.40962242e-16,0.0007100627697,396182.8299,0.0007100627697,1.014275823,1.014275823,0.13116,0.176275,0,0,-468416883.3,-468416883.3,0,-474270468.2,312,17.87661505
541,0,-471124075.5,-472568556.1,-2707192.14,-4151672.825,-0.004851993079,-0.007440878509,-1444480.685,-0.00258888543,0.7558445449,0.7558445449,0.04336,0.04336,0,0,-468416883.3,-468416883.3,0,-474270468.2,313,17.89352059
542,0,-472810349.2,-477830802.6,-4393465.892,-9413919.255,-0.007874234631,-0.01687219403,-5020453.363,-0.008997959402,0.3850601841,10.61493982,1,52.00782,0,0,-468416883.3,-468416883.3,0,-474270468.2,314,17.90980768
543,0,-468416883.3,-469211015,2.384185791e-07,-794131.6512,4.273081613e-16,-0.001423290655,-794131.6512,-0.001423290655,0.690737156,0.690737156,0.13116,0.140735,0,0,-468416883.3,-468416883.3,0,-474270468.2,315,17.92636633
544,0,-468416883.3,-481327472,2.384185791e-07,-12910588.65,4.273081613e-16,-0.02313913588,-12910588.65,-0.02313913588,0.690737156,12.30926284,1,74.79614,0,0,-468416883.3,-468416883.3,0,-474270468.2,316,17.94036222
545,0,-469683142,-473758870.6,-1266258.716,-5341987.306,-0.002269465265,-0.009574231934,-4075728.59,-0.00730476667,1.897857044,1.897857044,0.00782,0.00782,0,0,-468416883.3,-468416883.3,0,-474270468.2,317,17.95663881
546,0,-473724868.5,-478921341.5,-5307985.216,-10504458.16,-0.009513291337,-0.01882672365,-5196472.944,-0.009313432314,0.0615215168,14.93847848,1,106.08887,0,0,-468416883.3,-468416883.3,0,-474270468.2,318,17.9736073
547,0,-471124075.5,-570742158.9,-2707192.14,-102325275.6,-0.004851993079,-0.1833935323,-99618083.48,-0.1785415392,0.7558445449,338.3320321,1.31595,2194.244405,0,0,-468416883.3,-468416883.3,0,-474270468.2,319,17.99009681
548,0,-474492477,-475962974.8,-6075593.673,-7546091.463,-0.01088904552,-0.01352456038,-1470497.79,-0.002635514856,4.896758933,4.896758933,0.10812,0.180445,0,0,-468416883.3,-468416883.3,0,-474270468.2,320,18.06032419
549,0,-477011291.1,-475546289,-8594407.801,-7129405.665,-0.01540341616,-0.01277775095,1465002.136,0.002625665213,0.4534855208,0.4534855208,0.06702,0.08037,0,0,-468416883.3,-468416883.3,0,-474270468.2,321,18.20844173
550,0,-477011291.1,-476561660.4,-8594407.801,-8144777.029,-0.01540341616,-0.01459756077,449630.7719,0.0008058553957,0.4534855208,21.54651448,1,118.725525,0,0,-468416883.3,-468416883.3,0,-474270468.2,322,18.2205658
551,0,-480856972.1,-480693732.8,-12440088.77,-12276849.53,-0.0222958776,-0.02200331039,163239.2378,0.0002925672103,0.3917561829,0.3917561829,0.039205,0.039205,0,0,-468416883.3,-468416883.3,0,-474270468.2,323,18.2381103
552,0,-480856972.1,-474279222.6,-12440088.77,-5862339.323,-0.0222958776,-0.01050683821,6577749.443,0.01178903939,0.3917561829,27.60824382,1,172.818015,0,0,-468416883.3,-468416883.3,0,-474270468.2,324,18.25485587
553,0,-475956783.9,-474629371.6,-7539900.551,-6212488.239,-0.01351346465,-0.01113439622,1327412.312,0.002379068428,0.5542438266,0.5542438266,0.04443,0.08403,0,0,-468416883.3,-468416883.3,0,-474270468.2,325,18.27189636
554,0,-475956783.9,-485816399.2,-7539900.551,-17399515.92,-0.01351346465,-0.03118446215,-9859615.371,-0.0176709975,0.5542438266,17.44575617,1,115.04575,0,0,-468416883.3,-468416883.3,0,-474270468.2,326,18.28884244
555,0,-477338969.5,-476227106.7,-8922086.134,-7810223.376,-0.01599070104,-0.01399795353,1111862.758,0.001992747515,0.4276165838,0.4276165838,0.0546,0.07566,0,0,-468416883.3,-468416883.3,0,-474270468.2,327,18.30514431
556,0,-477338969.5,-490933506.1,-8922086.134,-22516622.79,-0.01599070104,-0.0403556498,-13594536.65,-0.02436494875,0.4276165838,11.57238342,1,68.46837,0,0,-468416883.3,-468416883.3,0,-474270468.2,328,18.32136345
557,0,-480463353.1,-480295902.7,-12046469.81,-11879019.43,-0.02159040996,-0.02129029528,167450.3834,0.0003001146795,0.3495397687,0.3495397687,0.04443,0.04443,0,0,-468416883.3,-468416883.3,0,-474270468.2,329,18.33757734
558,0,-480463353.1,-486718182.4,-12046469.81,-18301299.12,-0.02159040996,-0.03280069241,-6254829.313,-0.01121028245,0.3495397687,14.65046023,1,101.02106,0,0,-468416883.3,-468416883.3,0,-474270468.2,330,18.35424995
559,0,-477338969.5,-570603339.3,-8922086.134,-102186455.9,-0.01599070104,-0.1831447313,-93264369.82,-0.1671540303,0.4276165838,333.4276166,1.965505,2114.319535,0,0,-468416883.3,-468416883.3,0,-474270468.2,331,18.37057805
560,0,-468416883.3,-472005171.4,2.980232239e-07,-3588288.049,5.341352017e-16,-0.006431146324,-3588288.049,-0.006431146324,5.483346089,5.483346089,0.22793,0.358535,0,0,-468416883.3,-468416883.3,0,-474270468.2,332,18.42898011
561,0,-474132860.4,-475330229,-5715977.054,-6913345.652,-0.01024451892,-0.01239051516,-1197368.599,-0.00214599624,1.090814057,1.090814057,0.036005,0.06451,0,0,-468416883.3,-468416883.3,0,-474270468.2,333,18.5930264
562,0,-474709990.8,-473235353.9,-6293107.515,-4818470.538,-0.01127888695,-0.008635953598,1474636.977,0.002642933356,0.5330018338,13.46699817,1,39.38948,0,0,-468416883.3,-468416883.3,0,-474270468.2,334,18.61047769
563,0,-468901705.7,-469687644.1,-484822.4092,-1270760.737,-0.0008689279712,-0.002277534058,-785938.3276,-0.001408606087,1.136983641,1.136983641,0.01948,0.043785,0,0,-468416883.3,-468416883.3,0,-474270468.2,335,18.62880588
564,0,-468927208.7,-464708565.6,-510325.349,3708317.762,-0.0009146358786,0.006646270818,4218643.111,0.007560906696,0.3117462045,17.6882538,1,111.232455,0,0,-468416883.3,-468416883.3,0,-474270468.2,336,18.64697695
565,0,-468416883.3,-457686490.4,2.980232239e-07,10730392.96,5.341352017e-16,0.01923165763,10730392.96,0.01923165763,3.166595764,3.166595764,0.12662,0.196555,0,0,-468416883.3,-468416883.3,0,-474270468.2,337,18.66525054
566,0,-468416883.3,-462234346,2.980232239e-07,6182537.303,5.341352017e-16,0.01108071635,6182537.303,0.01108071635,1.793949013,1.793949013,0.04797,0.069935,0,0,-468416883.3,-468416883.3,0,-474270468.2,338,18.68326259
567,0,-468416883.3,-471804039.1,2.980232239e-07,-3387155.803,5.341352017e-16,-0.006070664979,-3387155.803,-0.006070664979,1.307361635,21.69263836,1.01424,117.42567,0,0,-468416883.3,-468416883.3,0,-474270468.2,339,18.69771361
568,0,-480611550.9,-485158239.6,-12194667.54,-16741356.24,-0.02185601888,-0.03000486867,-4546688.698,-0.008148849787,1.325489608,1.325489608,0.017655,0.02766,0,0,-468416883.3,-468416883.3,0,-474270468.2,340,18.71942306
569,0,-484831170.7,-474292476.9,-16414287.35,-5875593.624,-0.02941867607,-0.01053059337,10538693.72,0.0188880827,0.3102416902,16.68975831,1,88.268615,0,0,-468416883.3,-468416883.3,0,-474270468.2,341,18.73658943
570,0,-472508496,-472935787.4,-4091612.646,-4518904.065,-0.007333235033,-0.008099052493,-427291.4191,-0.0007658174599,1.474562267,1.474562267,0.04797,0.100675,0,0,-468416883.3,-468416883.3,0,-474270468.2,342,18.75400639
571,0,-472581600.6,-475706032.9,-4164717.316,-7289149.547,-0.007464257633,-0.01306405357,-3124432.231,-0.005599795942,0.9182334086,13.08176659,1,64.69103,0,0,-468416883.3,-468416883.3,0,-474270468.2,343,18.77211738
572,0,-468416883.3,-465482724.9,1.788139343e-07,2934158.41,3.20481121e-16,0.005258775721,2934158.41,0.005258775721,1.145600337,1.145600337,0.03434,0.078125,0,0,-468416883.3,-468416883.3,0,-474270468.2,344,18.79071498
573,0,-468416883.3,-490769649.5,1.788139343e-07,-22352766.23,3.20481121e-16,-0.04006197618,-22352766.23,-0.04006197618,0.7749356799,13.22506432,1,60.42661,0,0,-468416883.3,-468416883.3,0,-474270468.2,345,18.81128955
574,0,-484373797.4,-484850230.9,-15956914.05,-16433347.62,-0.02859894405,-0.02945283704,-476433.5692,-0.0008538929861,0.6981866908,0.6981866908,0.04797,0.06478,0,0,-468416883.3,-468416883.3,0,-474270468.2,346,18.83229423
575,0,-485032882.6,-482979789.1,-16615999.32,-14562905.74,-0.02978019644,-0.02610051826,2053093.582,0.003679678181,0.5855679323,15.41443207,1,101.23676,0,0,-468416883.3,-468416883.3,0,-474270468.2,347,18.85074019
576,0,-480642929.1,-481253970.8,-12226045.81,-12837087.44,-0.0219122569,-0.02300740258,-611041.6333,-0.00109514568,0.9426224213,0.9426224213,0.03407,0.068535,0,0,-468416883.3,-468416883.3,0,-474270468.2,348,18.86760998
577,0,-480584963.3,-481948164.8,-12168079.97,-13531281.48,-0.02180836703,-0.02425157902,-1363201.507,-0.002443211983,0.5651619208,18.43483808,1,99.282015,0,0,-468416883.3,-468416883.3,0,-474270468.2,349,18.88554955
578,0,-475463514.4,-471480713.5,-7046631.073,-3063830.209,-0.01262939734,-0.005491181343,3982800.864,0.007138215992,3.424778673,3.424778673,0.21552,0.30827,0,0,-468416883.3,-468416883.3,0,-474270468.2,350,18.90340972
579,0,-474025635.1,-476622585.8,-5608751.802,-8205702.428,-0.01005234336,-0.01470675494,-2596950.627,-0.004654411588,1.799031084,1.799031084,0.04797,0.09275,0,0,-468416883.3,-468416883.3,0,-474270468.2,351,18.92090464
580,0,-476323331.3,-477863660.7,-7906448.006,-9446777.419,-0.01417041311,-0.01693108442,-1540329.413,-0.002760671303,0.9053114009,19.0946886,1,109.35815,0,0,-468416883.3,-468416883.3,0,-474270468.2,352,18.93530416
581,0,-473100376.3,-471900439.3,-4683492.946,-3483555.981,-0.008394038615,-0.006243439193,1199936.965,0.002150599421,2.637236384,2.637236384,0.21552,0.269465,0,0,-468416883.3,-468416883.3,0,-474270468.2,353,18.95297432
582,0,-474445277.7,-477042311.5,-6028394.4,-8625428.2,-0.01080445214,-0.01545901279,-2597033.8,-0.004654560656,1.296623524,1.296623524,0.01948,0.053945,0,0,-468416883.3,-468416883.3,0,-474270468.2,354,18.97064018
583,0,-476742973.9,-465004525.9,-8326090.604,3412357.447,-0.0149225219,0.006115832886,11738448.05,0.02103835478,0.4029038413,21.59709616,1,118.15246,0,0,-468416883.3,-468416883.3,0,-474270468.2,355,18.98697972
584,0,-472361629.1,-471629803.3,-3944745.794,-3212920.02,-0.0070700114,-0.005758389096,731825.7743,0.001311622304,2.58240869,2.58240869,0.21552,0.289635,0,0,-468416883.3,-468416883.3,0,-474270468.2,356,19.00417614
585,0,-474127021,-476771675.6,-5710137.693,-8354792.238,-0.01023405327,-0.0149739627,-2644654.546,-0.00473990943,1.479063413,1.479063413,0.04797,0.074115,0,0,-468416883.3,-468416883.3,0,-474270468.2,357,19.02259755
586,0,-476424717.2,-472206279.5,-8007833.897,-3789396.182,-0.01435212302,-0.006791584453,4218437.715,0.007560538572,0.58534373,9.41465627,1,20.52319,0,0,-468416883.3,-468416883.3,0,-474270468.2,358,19.039078
587,0,-473100376.3,-668835238,-4683492.946,-200418354.6,-0.008394038615,-0.3592018665,-195734861.7,-0.3508078279,2.637236384,352.3658566,1,2269.167535,0,0,-468416883.3,-468416883.3,0,-474270468.2,359,19.05662489
588,0,-471555346.2,-476173317.5,-3138462.845,-7756434.139,-0.005624942455,-0.01390154921,-4617971.295,-0.008276606758,3.37942813,3.37942813,0.24953,0.446515,0,0,-468416883.3,-468416883.3,0,-474270468.2,360,19.12997961
589,0,-469696992.1,-470506786.3,-1280108.798,-2089902.952,-0.002294288217,-0.003745650155,-809794.1537,-0.001451361937,1.086339406,1.086339406,0.05608,0.1439,0,0,-468416883.3,-468416883.3,0,-474270468.2,361,19.30776024
590,0,-469696992.1,-453890713.4,-1280108.798,14526169.91,-0.002294288217,0.02603467809,15806278.71,0.02832896631,1.086339406,27.91366059,1.37842,135.4857,0,0,-468416883.3,-468416883.3,0,-474270468.2,362,19.32000947
591,0,-468416883.3,-465992483.3,2.980232239e-07,2424400.013,5.341352017e-16,0.004345155968,2424400.013,0.004345155968,2.959759615,2.959759615,0.27183,0.327125,0,0,-468416883.3,-468416883.3,0,-474270468.2,363,19.34213305
592,0,-468416883.3,-462466134.9,3.576278687e-07,5950748.446,6.40962242e-16,0.01066529038,5950748.446,0.01066529038,1.992449901,1.992449901,0.13243,0.212005,0,0,-468416883.3,-468416883.3,0,-474270468.2,364,19.37412548
593,0,-468416883.3,-485036153.4,1.788139343e-07,-16619270.03,3.20481121e-16,-0.02978605839,-16619270.03,-0.02978605839,1.845417877,15.15458212,1,80.45465,0,0,-468416883.3,-468416883.3,0,-474270468.2,365,19.39345837
594,0,-477321287,-478935051.9,-8904403.658,-10518168.56,-0.01595900944,-0.01885129626,-1613764.904,-0.00289228682,1.158044491,1.158044491,0.066025,0.13203,0,0,-468416883.3,-468416883.3,0,-474270468.2,366,19.41933203
595,0,-477860201.9,-478733636,-9443318.541,-10316752.72,-0.01692488521,-0.01849030664,-873434.1796,-0.001565421431,0.8247496164,0.8247496164,0.04081,0.09451,0,0,-468416883.3,-468416883.3,0,-474270468.2,367,19.43629432
596,0,-477831851.9,-480401340.4,-9414968.55,-11984457.05,-0.01687407464,-0.02147926695,-2569488.501,-0.004605192309,0.6839960828,14.31600392,1,67.113185,0,0,-468416883.3,-468416883.3,0,-474270468.2,368,19.4532733
597,0,-474923994.5,-474899239.5,-6507111.187,-6482356.196,-0.01166243724,-0.01161806986,24754.99033,4.436738715e-05,1.478010827,1.478010827,0.10451,0.2071,0,0,-468416883.3,-468416883.3,0,-474270468.2,369,19.47097611
598,0,-474923994.5,-472035149.5,-6507111.187,-3618266.19,-0.01166243724,-0.006484874957,2888844.997,0.005177562288,1.478010827,9.521989173,1,18.32862,0,0,-468416883.3,-468416883.3,0,-474270468.2,370,19.4879539
599,0,-468416883.3,-466130329.1,2.980232239e-07,2286554.239,5.341352017e-16,0.004098100456,2286554.239,0.004098100456,1.006271339,1.006271339,0.04081,0.104855,0,0,-468416883.3,-468416883.3,0,-474270468.2,371,19.50540113
600,0,-468416883.3,-491943007.4,2.384185791e-07,-23526124.06,4.273081613e-16,-0.04216493888,-23526124.06,-0.04216493888,0.9101109845,13.08988902,1,45.629415,0,0,-468416883.3,-468416883.3,0,-474270468.2,372,19.52692461
601,0,-480825249.5,-481759249.6,-12408366.2,-13342366.3,-0.02223902251,-0.02391299383,-934000.0979,-0.001673971324,2.060067026,2.060067026,0.066025,0.09122,0,0,-468416883.3,-468416883.3,0,-474270468.2,373,19.55359268
602,0,-480151006.8,-481557833.8,-11734123.51,-13140950.46,-0.02103060408,-0.02355200421,-1406826.949,-0.002521400133,0.6358843813,0.6358843813,0.028505,0.0537,0,0,-468416883.3,-468416883.3,0,-474270468.2,374,19.57107353
603,0,-480122656.8,-472645081.1,-11705773.52,-4228197.78,-0.02097979351,-0.00757803115,7477575.737,0.01340176236,0.4951308477,29.50486915,1,164.433745,0,0,-468416883.3,-468416883.3,0,-474270468.2,375,19.58818769
604,0,-473907747.3,-471814684.1,-5490863.971,-3397800.802,-0.009841057674,-0.006089743588,2093063.168,0.003751314086,1.376156741,1.376156741,0.10912,0.145685,0,0,-468416883.3,-468416883.3,0,-474270468.2,376,19.60639644
605,0,-469070323.9,-466903024.6,-653440.5851,1513858.741,-0.001171135639,0.002713228968,2167299.327,0.003884364607,1.159150373,1.159150373,0.15159,0.188155,0,0,-468416883.3,-468416883.3,0,-474270468.2,377,19.62398601
606,0,-468416883.3,-475991788.5,2.980232239e-07,-7574905.207,5.341352017e-16,-0.01357620211,-7574905.207,-0.01357620211,1.091945354,8.908054646,1,19.11164,0,0,-468416883.3,-468416883.3,0,-474270468.2,378,19.64191985
607,0,-468416883.3,-469021852.7,1.192092896e-07,-604969.4129,2.136540807e-16,-0.00108426268,-604969.4129,-0.00108426268,1.134480618,1.134480618,0.1512,0.192775,0,0,-468416883.3,-468416883.3,0,-474270468.2,379,19.66222143
608,0,-468416883.3,-473754756.7,1.788139343e-07,-5337873.384,3.20481121e-16,-0.009566858715,-5337873.384,-0.009566858715,1.134480618,19.86551938,1,113.44347,0,0,-468416883.3,-468416883.3,0,-474270468.2,380,19.67656565
609,0,-472336380.4,-471531947.2,-3919497.112,-3115063.828,-0.007024759189,-0.005583005325,804433.2841,0.001441753864,1.314901232,1.314901232,0.066025,0.1434,0,0,-468416883.3,-468416883.3,0,-474270468.2,381,19.69769526
610,0,-471776455.3,-462446948.4,-3359571.941,5969934.97,-0.006021227516,0.01069967762,9329506.911,0.01672090514,1.116641328,21.88335867,1,116.15845,0,0,-468416883.3,-468416883.3,0,-474270468.2,382,19.71580005
611,0,-468416883.3,-466842044.6,1.788139343e-07,1574838.677,3.20481121e-16,0.002822520887,1574838.677,0.002822520887,1.280914334,1.280914334,0.13243,0.1617,0,0,-468416883.3,-468416883.3,0,-474270468.2,383,19.73566532
612,0,-468416883.3,-488078168.7,1.788139343e-07,-19661285.43,3.20481121e-16,-0.03523814192,-19661285.43,-0.03523814192,1.211164349,16.78883565,1,84.568685,0,0,-468416883.3,-468416883.3,0,-474270468.2,384,19.75646234
613,0,-477424661.8,-476713500.2,-9007778.525,-8296616.829,-0.01614428411,-0.01486969722,711161.6956,0.001274586895,1.883033695,1.883033695,0.066025,0.1076,0,0,-468416883.3,-468416883.3,0,-474270468.2,385,19.77967477
614,0,-476829647.1,-479802935.2,-8412763.728,-11386051.86,-0.0150778627,-0.02040676906,-2973288.13,-0.005328906366,0.7918069213,26.20819308,1,139.797785,0,0,-468416883.3,-468416883.3,0,-474270468.2,386,19.79704142
615,0,-476282926.3,-480831274.1,-7866042.98,-12414390.77,-0.01409799679,-0.02224982011,-4548347.795,-0.008151823321,1.879327014,1.879327014,0.036565,0.09656,0,0,-468416883.3,-468416883.3,0,-474270468.2,387,19.81464171
616,0,-479896983,-488175303.9,-11480099.67,-19758420.55,-0.02057532723,-0.03541223334,-8278320.879,-0.01483690611,0.8777747252,21.12222527,1,116.559115,0,0,-468416883.3,-468416883.3,0,-474270468.2,388,19.83601189
617,0,-479420813.6,-477917213.2,-11003930.33,-9500329.872,-0.0197219078,-0.01702706435,1503600.455,0.002694843448,1.349825321,1.349825321,0.03771,0.07564,0,0,-468416883.3,-468416883.3,0,-474270468.2,389,19.85454583
618,0,-478942145.1,-476593916,-10525261.78,-8177032.632,-0.01886400915,-0.01465537121,2348229.146,0.004208637946,0.8424533038,21.1575467,1,110.049745,0,0,-468416883.3,-468416883.3,0,-474270468.2,390,19.87434292
619,0,-475492281.1,-475948519.6,-7075397.748,-7531636.283,-0.0126809547,-0.01349865293,-456238.5354,-0.0008176982281,1.23584475,1.23584475,0.037165,0.066435,0,0,-468416883.3,-468416883.3,0,-474270468.2,391,19.89254069
620,0,-476972343.5,-471030060.5,-8555460.181,-2613177.17,-0.01533361189,-0.004683493778,5942283.011,0.01065011811,0.5888352019,22.4111648,1,124.31533,0,0,-468416883.3,-468416883.3,0,-474270468.2,392,19.91117358
621,0,-474207249.8,-475977932.1,-5790366.52,-7561048.741,-0.01037784421,-0.01355136771,-1770682.22,-0.003173523501,1.190125592,1.190125592,0.05329,0.128165,0,0,-468416883.3,-468416883.3,0,-474270468.2,393,19.92855358
622,0,-474330038.5,-465063555.7,-5913155.172,3353327.646,-0.01059791344,0.006010036115,9266482.818,0.01660794956,1.159050714,28.84094929,1,157.423035,0,0,-468416883.3,-468416883.3,0,-474270468.2,394,19.94593644
623,0,-469299916.5,-461890060.4,-883033.1784,6526822.919,-0.001582625336,0.0116977658,7409856.098,0.01328039114,2.441813865,2.441813865,0.15159,0.22996,0,0,-468416883.3,-468416883.3,0,-474270468.2,395,19.9641993
624,0,-468416883.3,-485279139.1,2.384185791e-07,-16862255.73,4.273081613e-16,-0.03022155202,-16862255.73,-0.03022155202,2.113563082,7.886436918,0.38309,0.833775,0,0,-468416883.3,-468416883.3,0,-474270468.2,396,19.98373771
625,0,-476716864.1,-478539445.5,-8299980.81,-10122562.14,-0.01487572635,-0.01814226656,-1822581.33,-0.003266540216,2.035862758,2.035862758,0.07163,0.219815,0,0,-468416883.3,-468416883.3,0,-474270468.2,397,20.00705099
626,0,-476959411,-473477043.3,-8542527.639,-5060160.011,-0.01531043341,-0.009069124053,3482367.628,0.006241309355,1.506297457,27.49370254,1,147.263855,0,0,-468416883.3,-468416883.3,0,-474270468.2,398,20.02514672
627,0,-473990218,-478338514.3,-5573334.636,-9921631.008,-0.009988866575,-0.01778214567,-4348296.372,-0.007793279092,1.81522884,1.81522884,0.069815,0.099085,0,0,-468416883.3,-468416883.3,0,-474270468.2,399,20.04416776
628,0,-478347108.9,-486683160.2,-9930225.613,-18266276.91,-0.01779754944,-0.03273792349,-8336051.299,-0.01494037406,0.8824731647,17.11752684,1,86.23139,0,0,-468416883.3,-468416883.3,0,-474270468.2,400,20.06190181
629,0,-473608538.5,-473709746.4,-5191655.16,-5292863.095,-0.009304797592,-0.009486188559,-101207.9352,-0.0001813909673,0.823035163,0.823035163,0.05329,0.091,0,0,-468416883.3,-468416883.3,0,-474270468.2,401,20.07897162
630,0,-473608538.5,-479571643.1,-5191655.16,-11154759.81,-0.009304797592,-0.01999223349,-5963104.646,-0.0106874359,0.823035163,13.17696484,1,71.36037,0,0,-468416883.3,-468416883.3,0,-474270468.2,402,20.09564114
631,0,-472678578.7,-473680334,-4261695.408,-5263450.638,-0.00763806762,-0.009433473779,-1001755.23,-0.001795406159,0.6117232737,0.6117232737,0.014685,0.02927,0,0,-468416883.3,-468416883.3,0,-474270468.2,403,20.11232686
632,0,-473684353.2,-480098714.6,-5267469.868,-11681831.24,-0.009440677286,-0.02093688272,-6414361.374,-0.01149620543,0.2644483642,14.73555164,1,83.22136,0,0,-468416883.3,-468416883.3,0,-474270468.2,404,20.12995887
633,0,-472957397.1,-610586541.5,-4540513.764,-142169658.2,-0.008137782698,-0.2548050385,-137629144.4,-0.2466672558,1.067619665,329.9579621,1,2177.858345,0,0,-468416883.3,-468416883.3,0,-474270468.2,405,20.14693999
634,0,-472410924.1,-474663571.1,-3994040.744,-6246687.813,-0.007158360784,-0.01119569076,-2252647.069,-0.00403732998,6.052114354,6.052114354,0.127095,0.212075,0,0,-468416883.3,-468416883.3,0,-474270468.2,406,20.22607231
635,0,-472496738.2,-475014076.8,-4079854.896,-6597193.464,-0.007312162083,-0.01182388814,-2517338.569,-0.004511726055,1.029287344,1.029287344,0.029295,0.12113,0,0,-468416883.3,-468416883.3,0,-474270468.2,407,20.43636107
636,0,-472496738.2,-471322127,-4079854.896,-2905243.71,-0.007312162083,-0.005206953052,1174611.185,0.002105209031,1.029287344,16.97071266,1,41.850645,0,0,-468416883.3,-468416883.3,0,-474270468.2,408,20.44843554
637,0,-468416883.3,-469359943.8,2.384185791e-07,-943060.5043,4.273081613e-16,-0.001690209931,-943060.5043,-0.001690209931,1.356667016,1.356667016,0.050245,0.113365,0,0,-468416883.3,-468416883.3,0,-474270468.2,409,20.47063828
638,0,-468416883.3,-472549163.6,4.172325134e-07,-4132280.248,7.477892823e-16,-0.007406121962,-4132280.248,-0.007406121962,1.120255194,12.87974481,1,47.569665,0,0,-468416883.3,-468416883.3,0,-474270468.2,410,20.49205327
639,0,-468416883.3,-469561946,3.576278687e-07,-1145062.712,6.40962242e-16,-0.002052250474,-1145062.712,-0.002052250474,1.419734987,1.419734987,0.07599,0.13008,0,0,-468416883.3,-468416883.3,0,-474270468.2,411,20.52395034
640,0,-468416883.3,-466418154.3,4.172325134e-07,1998729.049,7.477892823e-16,0.003582242786,1998729.049,0.003582242786,0.6325934314,0.6325934314,0.05409,0.066545,0,0,-468416883.3,-468416883.3,0,-474270468.2,412,20.54842162
641,0,-468416883.3,-492668488.4,3.576278687e-07,-24251605.05,6.40962242e-16,-0.04346518969,-24251605.05,-0.04346518969,0.4951137115,9.504886289,1,41.882325,0,0,-468416883.3,-468416883.3,0,-474270468.2,413,20.5657649
642,0,-478417372.6,-476933999.4,-10000489.32,-8517116.104,-0.0179234803,-0.01526488932,1483373.22,0.002658590977,1.395657285,1.395657285,0.07599,0.13945,0,0,-468416883.3,-468416883.3,0,-474270468.2,414,20.58537173
643,0,-474277166.8,-476444172.4,-5860283.489,-8027289.091,-0.01050315362,-0.0143869918,-2167005.602,-0.003883838176,1.111612853,14.88838715,1,99.5331,0,0,-468416883.3,-468416883.3,0,-474270468.2,415,20.60361147
644,0,-468416883.3,-465622721.9,4.172325134e-07,2794161.453,7.477892823e-16,0.005007864729,2794161.453,0.005007864729,1.231964184,1.231964184,0.058505,0.112645,0,0,-468416883.3,-468416883.3,0,-474270468.2,416,20.63360763
645,0,-468416883.3,-493362949.1,4.172325134e-07,-24946065.74,7.477892823e-16,-0.04470984402,-24946065.74,-0.04470984402,1.231824565,22.76817543,1,65.057035,0,0,-468416883.3,-468416883.3,0,-474270468.2,417,20.65216422
646,0,-482608662,-480479371.4,-14191778.66,-12062488.08,-0.02543536192,-0.02161911887,2129290.587,0.00381624305,1.668647693,1.668647693,0.07419,0.103265,0,0,-468416883.3,-468416883.3,0,-474270468.2,418,20.69985199
647,0,-480620941.2,-488105597.9,-12204057.84,-19688714.61,-0.02187284874,-0.03528730216,-7484656.77,-0.01341445341,1.063122909,15.93687709,1,66.59114,0,0,-468416883.3,-468416883.3,0,-474270468.2,419,20.7183547
648,0,-476430938.4,-478484468.8,-8014055.053,-10067585.46,-0.01436327296,-0.01804373405,-2053530.412,-0.003680461094,0.9913855427,0.9913855427,0.07119,0.17452,0,0,-468416883.3,-468416883.3,0,-474270468.2,420,20.73631167
649,0,-476809057.8,-488882376.4,-8392174.455,-20465493.07,-0.01504096136,-0.03667949136,-12073318.61,-0.02163853,0.8574999448,16.14250006,1,79.074155,0,0,-468416883.3,-468416883.3,0,-474270468.2,421,20.75331831
650,0,-473096668.5,-472519665,-4679785.205,-4102781.696,-0.008387393377,-0.007353252878,577003.5086,0.001034140499,0.5077641047,0.5077641047,0.00797,0.00802,0,0,-468416883.3,-468416883.3,0,-474270468.2,422,20.77043009
651,0,-472416155.8,-485635998,-3999272.451,-17219114.68,-0.007167737365,-0.03086113616,-13219842.23,-0.0236933988,0.03714114098,14.96285886,1,107.175615,0,0,-468416883.3,-468416883.3,0,-474270468.2,423,20.78739572
652,0,-473729437.7,-471995006,-5312554.35,-3578122.727,-0.009521480414,-0.006412927421,1734431.622,0.003108552993,0.6896262774,0.6896262774,0.00797,0.015485,0,0,-468416883.3,-468416883.3,0,-474270468.2,424,20.80420637
653,0,-472097048,-478311628.1,-3680164.649,-9894744.804,-0.00659581311,-0.01773395859,-6214580.155,-0.01113814548,0.1024775744,23.89752243,1,131.25517,0,0,-468416883.3,-468416883.3,0,-474270468.2,425,20.82188773
654,0,-470338300.5,-466853133.8,-1921417.2,1563749.491,-0.003443679825,0.00280264618,3485166.691,0.006246326005,1.689856154,1.689856154,0.1935,0.309895,0,0,-468416883.3,-468416883.3,0,-474270468.2,426,20.83909941
655,0,-472164737.6,-525332049.2,-3747854.233,-56915165.88,-0.006717130466,-0.102006794,-53167311.65,-0.09528966354,0.1980717146,317.1980717,1.68166,2071.885255,0,0,-468416883.3,-468416883.3,0,-474270468.2,427,20.85774255
656,0,-468416883.3,-467690488.4,3.576278687e-07,726394.9539,6.40962242e-16,0.00130188886,726394.9539,0.00130188886,4.009148609,4.009148609,0.020015,0.047305,0,0,-468416883.3,-468416883.3,0,-474270468.2,428,20.9318769
657,0,-468416883.3,-485416555.5,4.172325134e-07,-16999672.16,7.477892823e-16,-0.03046783804,-16999672.16,-0.03046783804,0.3776311094,18.62236889,1,111.35741,0,0,-468416883.3,-468416883.3,0,-474270468.2,429,21.11468911
658,0,-468505828.1,-463967786.2,-88944.73803,4449097.079,-0.0001594121256,0.0079739402,4538041.817,0.008133352326,1.692560363,1.692560363,0.07435,0.08677,0,0,-468416883.3,-468416883.3,0,-474270468.2,430,21.13444018
659,0,-468416883.3,-489685631.1,4.172325134e-07,-21268747.77,7.477892823e-16,-0.0381191329,-21268747.77,-0.0381191329,0.9165398868,25.08346011,1,150.29979,0,0,-468416883.3,-468416883.3,0,-474270468.2,431,21.15259409
660,0,-468885514.2,-466106523,-468630.8841,2310360.367,-0.0008399085432,0.004140767234,2778991.251,0.004980675777,0.5632487166,0.5632487166,0.02085,0.03327,0,0,-468416883.3,-468416883.3,0,-474270468.2,432,21.17233515
661,0,-468416883.3,-494000649.4,4.172325134e-07,-25583766.07,7.477892823e-16,-0.04585276903,-25583766.07,-0.04585276903,0.4198366049,22.5801634,1,123.17356,0,0,-468416883.3,-468416883.3,0,-474270468.2,433,21.19069719
662,0,-475174274.8,-474475380.9,-6757391.44,-6058497.591,-0.01211100461,-0.01085840489,698893.8488,0.00125259972,2.185802727,2.185802727,0.16544,0.22335,0,0,-468416883.3,-468416883.3,0,-474270468.2,434,21.21141624
663,0,-468878233.4,-545074856.9,-461350.0735,-76657973.58,-0.000826859435,-0.1373910451,-76196623.51,-0.1365641856,0.9826240869,330.1796324,1.676345,2172.78377,0,0,-468416883.3,-468416883.3,0,-474270468.2,435,21.22946119
664,0,-483144284.8,-486372803.5,-14727401.47,-17955920.15,-0.02639533743,-0.03218168337,-3228518.672,-0.005786345941,1.27103373,1.27103373,0.10052,0.10719,0,0,-468416883.3,-468416883.3,0,-474270468.2,436,21.27792764
665,0,-487718893.1,-488812904.8,-19302009.78,-20396021.46,-0.03459422642,-0.03655498015,-1094011.679,-0.001960753734,0.5067056783,0.5067056783,0.0467,0.05337,0,0,-468416883.3,-468416883.3,0,-474270468.2,437,21.40188384
666,0,-488183226.7,-500449935.7,-19766343.34,-32033052.38,-0.03542643304,-0.05741156904,-12266709.04,-0.021985136,0.2823929078,15.71760709,1,108.67834,0,0,-468416883.3,-468416883.3,0,-474270468.2,438,21.41842818
667,0,-488972650.8,-487242308.5,-20555767.51,-18825425.15,-0.03684128667,-0.0337400627,1730342.362,0.003101223973,1.789379679,1.789379679,0.15649,0.20319,0,0,-468416883.3,-468416883.3,0,-474270468.2,439,21.4356885
668,0,-487391608.8,-497779982.7,-18974725.5,-29363099.38,-0.0340076478,-0.0526263182,-10388373.88,-0.0186186704,1.297729722,26.70227028,1,161.522795,0,0,-468416883.3,-468416883.3,0,-474270468.2,440,21.45287442
669,0,-474662168.5,-480189461.4,-6245285.189,-11772578.07,-0.01119317689,-0.02109952466,-5527292.884,-0.00990634777,1.027396517,1.027396517,0.13696,0.17576,0,0,-468416883.3,-468416883.3,0,-474270468.2,441,21.47017813
670,0,-474662168.5,-475488871.8,-6245285.189,-7071988.472,-0.01119317689,-0.0126748444,-826703.284,-0.001481667501,1.027396517,10.97260348,1,67.64248,0,0,-468416883.3,-468416883.3,0,-474270468.2,442,21.48681688
671,0,-468416883.3,-464460744.9,2.980232239e-07,3956138.419,5.341352017e-16,0.007090429949,3956138.419,0.007090429949,1.373296462,1.373296462,0.17163,0.17991,0,0,-468416883.3,-468416883.3,0,-474270468.2,443,21.50395465
672,0,-468416883.3,-469008600.6,3.576278687e-07,-591717.2367,6.40962242e-16,-0.00106051133,-591717.2367,-0.00106051133,0.3595586247,0.3595586247,0,0,1,0,-468416883.3,-468416883.3,0,-474270468.2,444,21.52139282
673,0,-469008600.6,-474951820.7,-591717.2367,-6534937.328,-0.00106051133,-0.01171230893,-5943220.091,-0.0106517976,0,14,1,106.04774,0,0,-468416883.3,-468416883.3,0,-474270468.2,445,21.53993225
674,0,-468416883.3,-662050727.6,4.172325134e-07,-193633844.3,7.477892823e-16,-0.3470422577,-193633844.3,-0.3470422577,1.373296462,323.5422345,1.52896,2268.276585,0,0,-468416883.3,-468416883.3,0,-474270468.2,446,21.55674911
675,0,-468416883.3,-472678781.5,1.788139343e-07,-4261898.156,3.20481121e-16,-0.007638430996,-4261898.156,-0.007638430996,2.429622577,2.429622577,0.13085,0.247685,0,0,-468416883.3,-468416883.3,0,-474270468.2,447,21.61401963
676,0,-470123942.8,-468617669.1,-1707059.481,-200785.7584,-0.003059494989,-0.0003598603496,1506273.722,0.002699634639,0.9810004265,0.9810004265,0.045575,0.048565,0,0,-468416883.3,-468416883.3,0,-474270468.2,448,21.76806855
677,0,-468524728.8,-486533016.1,-107845.4301,-18116132.8,-0.0001932870862,-0.03246882616,-18008287.37,-0.03227553908,0.372891682,26.62710832,1,160.166115,0,0,-468416883.3,-468416883.3,0,-474270468.2,449,21.78685451
678,0,-469501286.3,-469961669,-1084402.969,-1544785.708,-0.001943532423,-0.002768658144,-460382.7397,-0.0008251257211,0.7197262391,0.7197262391,0,0,1,0,-468416883.3,-468416883.3,0,-474270468.2,450,21.80334616
679,0,-469961669,-483917308,-1544785.708,-15500424.67,-0.002768658144,-0.02778079623,-13955638.96,-0.02501213809,0,28,1,166.05383,0,0,-468416883.3,-468416883.3,0,-474270468.2,451,21.82030225
680,0,-468416883.3,-467893136.5,0,523746.8597,0,0.0009386907198,523746.8597,0.0009386907198,0.7333134289,0.7333134289,0.059725,0.069175,0,0,-468416883.3,-468416883.3,0,-474270468.2,452,21.83972168
681,0,-468416883.3,-470400536,1.192092896e-07,-1983652.716,2.136540807e-16,-0.003555222073,-1983652.716,-0.003555222073,0.7333134289,18.26668657,1,90.938495,0,0,-468416883.3,-468416883.3,0,-474270468.2,453,21.86311626
682,0,-468416883.3,-470099288.1,5.960464478e-08,-1682404.766,1.068270403e-16,-0.003015307322,-1682404.766,-0.003015307322,1.617656264,1.617656264,0.067895,0.12275,0,0,-468416883.3,-468416883.3,0,-474270468.2,454,21.89289093
683,0,-468416883.3,-472639260.2,1.192092896e-07,-4222376.873,2.136540807e-16,-0.007567598569,-4222376.873,-0.007567598569,0.9239170816,21.07608292,1,118.18013,0,0,-468416883.3,-468416883.3,0,-474270468.2,455,21.91670179
684,0,-468416883.3,-470924374.5,1.788139343e-07,-2507491.188,3.20481121e-16,-0.004494076984,-2507491.188,-0.004494076984,1.763910233,1.763910233,0.09176,0.1448,0,0,-468416883.3,-468416883.3,0,-474270468.2,456,21.93668652
685,0,-473442261.7,-474068166.3,-5025378.348,-5651282.949,-0.009006786258,-0.01012857024,-625904.6004,-0.001121783986,0.199092258,0.199092258,0,0,1,0,-468416883.3,-468416883.3,0,-474270468.2,457,21.95856905
686,0,-474068166.3,-489517267.1,-5651282.949,-21100383.73,-0.01012857024,-0.03781738072,-15449100.78,-0.02768881047,0,12,1,79.97297,0,0,-468416883.3,-468416883.3,0,-474270468.2,458,21.97499061
687,0,-475218792,-474415762.9,-6801908.657,-5998879.616,-0.01219079106,-0.01075155396,803029.0411,0.001439237094,0.6839504487,0.6839504487,0,0,1,1,-468416883.3,-468416883.3,0,-474415762.9,0,21.99177909
688,0,-474415762.9,-479282943.3,-5998879.616,-10866059.96,-0.01075155396,-0.01947480821,-4867180.342,-0.008723254248,0,23,1,141.098315,0,0,-468416883.3,-468416883.3,0,-474415762.9,1,22.00936604
689,0,-468416883.3,-463338423.3,1.192092896e-07,5078459.978,2.136540807e-16,0.009101922358,5078459.978,0.009101922358,1.182481009,1.182481009,0.12331,0.15198,0,0,-468416883.3,-468416883.3,0,-474415762.9,2,22.02628779
690,0,-468416883.3,-469867907.3,1.788139343e-07,-1451023.961,3.20481121e-16,-0.002600612683,-1451023.961,-0.002600612683,0.5107937997,0.5107937997,0,0,1,0,-468416883.3,-468416883.3,0,-474415762.9,3,22.04421616
691,0,-469867907.3,-484202077.7,-1451023.961,-15785194.36,-0.002600612683,-0.02829117766,-14334170.4,-0.02569056497,0,10,1,65.551195,0,0,-468416883.3,-468416883.3,0,-474415762.9,4,22.06105542
692,0,-474415762.9,-518084896.8,-5998879.616,-49668013.51,-0.01075155396,-0.08901801029,-43669133.89,-0.07826645633,0,332,1.08277,2111.478195,0,0,-468416883.3,-468416883.3,0,-474415762.9,5,22.07539964
693,0,-468416883.3,-469621576.4,1.788139343e-07,-1204693.111,3.20481121e-16,-0.002159123673,-1204693.111,-0.002159123673,3.671723433,3.671723433,0.15636,0.272575,0,0,-468416883.3,-468416883.3,0,-474415762.9,6,22.12659526
694,0,-469165503.6,-468431262,-748620.3225,-14378.6301,-0.001341722506,-2.577024833e-05,734241.6924,0.001315952258,1.548974813,1.548974813,0.15636,0.15899,0,0,-468416883.3,-468416883.3,0,-474415762.9,7,22.27196264
695,0,-468892096.2,-480805666,-475212.878,-12388782.65,-0.0008517051898,-0.02220392368,-11913569.77,-0.02135221849,1.106012024,23.89398798,1,121.287985,0,0,-468416883.3,-468416883.3,0,-474415762.9,8,22.28894544
696,0,-471033179.8,-468295343,-2616296.512,121540.3487,-0.004689084451,0.0002178319455,2737836.861,0.004906916396,1.991541187,1.991541187,0.18572,0.18649,0,0,-468416883.3,-468416883.3,0,-474415762.9,9,22.30771661
697,0,-472345410.8,-472843198.6,-3928527.438,-4426315.307,-0.007040943884,-0.007933109334,-497787.8685,-0.0008921654496,0.1160419815,0.1160419815,0.00145,0.00222,0,0,-468416883.3,-468416883.3,0,-474415762.9,10,22.32454515
698,0,-472754266.5,-472135377.9,-4337383.188,-3718494.589,-0.007773719825,-0.006664510341,618888.5987,0.001109209484,0.02033176592,12.97966823,1,71.1081,0,0,-468416883.3,-468416883.3,0,-474415762.9,11,22.34085774
699,0,-469060091.9,-470612108.3,-643208.6072,-2195225.003,-0.001152797271,-0.003934414688,-1552016.395,-0.002781617417,0.6326675005,0.6326675005,0.03918,0.04031,0,0,-468416883.3,-468416883.3,0,-474415762.9,12,22.35764909
700,0,-469638498.5,-465849393.6,-1221615.177,2567489.748,-0.00218945242,0.004601610024,3789104.925,0.006791062444,0.386164329,20.61383567,1,116.31839,0,0,-468416883.3,-468416883.3,0,-474415762.9,13,22.37587357
701,0,-469952984.7,-471987515.4,-1536101.396,-3570632.104,-0.002753093596,-0.006399502273,-2034530.707,-0.003646408677,0.633003236,0.633003236,0.05154,0.05267,0,0,-468416883.3,-468416883.3,0,-474415762.9,14,22.39430642
702,0,-471109649.7,-466521663,-2692766.376,1895220.285,-0.004826138354,0.003396728135,4587986.661,0.008222866489,0.2578120402,18.74218796,1,115.634175,0,0,-468416883.3,-468416883.3,0,-474415762.9,15,22.41122484
703,0,-468416883.3,-467439659.8,-2.980232239e-07,977223.5517,-5.341352017e-16,0.001751439006,977223.5517,0.001751439006,1.631464852,1.631464852,0.25999,0.30365,0,0,-468416883.3,-468416883.3,0,-474415762.9,16,22.4282546
704,0,-471109649.7,-533602519.1,-2692766.376,-65185635.82,-0.004826138354,-0.1168296292,-62492869.45,-0.1120034908,0.2578120402,329.257812,2.35033,2257.0392,0,0,-468416883.3,-468416883.3,0,-474415762.9,17,22.44703126
705,0,-468416883.3,-470207100.9,1.788139343e-07,-1790217.607,3.20481121e-16,-0.003208536,-1790217.607,-0.003208536,2.318989025,2.318989025,0.06742,0.15826,0,0,-468416883.3,-468416883.3,0,-474415762.9,18,22.52585602
706,0,-468904029.3,-463595254.4,-487145.9491,4821628.896,-0.0008730923597,0.008641614198,5308774.845,0.009514706558,1.097067109,18.90293289,1,85.881965,0,0,-468416883.3,-468416883.3,0,-474415762.9,19,22.71839881
707,0,-468416883.3,-463415034.1,-5.960464478e-08,5001849.204,-1.068270403e-16,0.008964615907,5001849.204,0.008964615907,2.072428276,2.072428276,0.17181,0.2206,0,0,-468416883.3,-468416883.3,0,-474415762.9,20,22.75194049
708,0,-468416883.3,-487285041.7,5.960464478e-08,-18868158.41,1.068270403e-16,-0.03381665182,-18868158.41,-0.03381665182,1.972629888,8.027370112,1,8.714185,0,0,-468416883.3,-468416883.3,0,-474415762.9,21,22.79135871
709,0,-482650786.1,-487264138.2,-14233902.8,-18847254.86,-0.02551085934,-0.03377918721,-4613352.051,-0.008268327872,1.985935316,1.985935316,0.0763,0.21021,0,0,-468416883.3,-468416883.3,0,-474415762.9,22,22.81508017
710,0,-484436663.6,-467475520.1,-16019780.28,941363.1985,-0.02871161669,0.001687167917,16961143.48,0.03039878461,1.273844443,8.726155557,1,10.387805,0,0,-468416883.3,-468416883.3,0,-474415762.9,23,22.83305526
711,0,-477391577.3,-475832113.6,-8974693.937,-7415230.287,-0.01608498792,-0.01329002308,1559463.649,0.002794964835,1.762934433,1.762934433,0.20085,0.283685,0,0,-468416883.3,-468416883.3,0,-474415762.9,24,22.85129905
712,0,-479648291.7,-483807987,-11231408.34,-15391103.64,-0.02012960762,-0.0275848645,-4159695.303,-0.007455256878,1.611270416,12.38872958,1,52.35995,0,0,-468416883.3,-468416883.3,0,-474415762.9,25,22.86808085
713,0,-478142932.3,-477851704.5,-9726048.958,-9434821.143,-0.01743161172,-0.01690965566,291227.8149,0.0005219560597,2.52169402,2.52169402,0.29598,0.36404,0,0,-468416883.3,-468416883.3,0,-474415762.9,26,22.88550735
714,0,-479963085.3,-487957885.9,-11546202.01,-19541002.57,-0.02069379983,-0.03502256371,-7994800.554,-0.01432876388,2.162177319,12.83782268,1,63.020425,0,0,-468416883.3,-468416883.3,0,-474415762.9,27,22.90484881
715,0,-475372508,-469436356.8,-6955624.64,-1019473.436,-0.01246629012,-0.001827161798,5936151.204,0.01063912832,1.926732255,1.926732255,0.029695,0.071945,0,0,-468416883.3,-468416883.3,0,-474415762.9,28,22.92422199
716,0,-468416883.3,-456234249.9,-5.960464478e-08,12182633.44,-1.068270403e-16,0.02183445064,12182633.44,0.02183445064,0.7534904197,27.24650958,1,145.31819,0,0,-468416883.3,-468416883.3,0,-474415762.9,29,22.94709229
717,0,-468416883.3,-475310635.5,5.960464478e-08,-6893752.138,1.068270403e-16,-0.01235539848,-6893752.138,-0.01235539848,1.774452192,1.774452192,0.23032,0.31395,0,0,-468416883.3,-468416883.3,0,-474415762.9,30,22.96972442
718,0,-470547474.5,-466694467.8,-2130591.227,1722415.499,-0.003818574136,0.003087016972,3853006.727,0.006905591108,0.8943667043,0.8943667043,0.1148,0.1148,0,0,-468416883.3,-468416883.3,0,-474415762.9,31,22.98716378
719,0,-469199115.6,-471242323.5,-782232.278,-2825440.156,-0.001401963881,-0.005063924307,-2043207.878,-0.003661960426,0.4492684097,0.4492684097,0.02214,0.02214,0,0,-468416883.3,-468416883.3,0,-474415762.9,32,23.00359201
720,0,-470759284.3,-477185543.6,-2342400.942,-8768660.247,-0.004198192285,-0.01571572191,-6426259.306,-0.01151752963,0.106212521,13.89378748,1,101.15664,0,0,-468416883.3,-468416883.3,0,-474415762.9,33,23.02007866
721,0,-470660479.2,-466100451.3,-2243595.905,2316432.063,-0.004021107938,0.004151649294,4560027.968,0.008172757233,1.485321423,1.485321423,0.29598,0.30535,0,0,-468416883.3,-468416883.3,0,-474415762.9,34,23.03665161
722,0,-468416883.3,-478932547.1,-1.788139343e-07,-10515663.81,-3.20481121e-16,-0.0188468071,-10515663.81,-0.0188468071,1.470423429,27.52957657,1,170.1922,0,0,-468416883.3,-468416883.3,0,-474415762.9,35,23.05357862
723,0,-468416883.3,-467834905.5,-1.788139343e-07,581977.8178,-3.20481121e-16,0.001043055756,581977.8178,0.001043055756,0.4362963918,0.4362963918,0.02312,0.0388,0,0,-468416883.3,-468416883.3,0,-474415762.9,36,23.07224846
724,0,-468416883.3,-487522159.3,-1.788139343e-07,-19105275.97,-3.20481121e-16,-0.03424162823,-19105275.97,-0.03424162823,0.2256852377,10.77431476,1,19.640525,0,0,-468416883.3,-468416883.3,0,-474415762.9,37,23.09390998
725,0,-473451542.7,-479339932.6,-5034659.331,-10923049.31,-0.009023420195,-0.01957694797,-5888389.981,-0.01055352777,2.428010324,2.428010324,0.14305,0.23251,0,0,-468416883.3,-468416883.3,0,-474415762.9,38,23.11750531
726,0,-475859784.8,-479137188.2,-7442901.466,-10720304.92,-0.01333961704,-0.01921357723,-3277403.452,-0.005873960193,1.256388876,1.256388876,0.14305,0.1932,0,0,-468416883.3,-468416883.3,0,-474415762.9,39,23.1345613
727,0,-476760646,-471403842.3,-8343762.665,-2986958.937,-0.01495419483,-0.005353408011,5356803.728,0.009600786819,1.007425936,22.99257406,1,130.696785,0,0,-468416883.3,-468416883.3,0,-474415762.9,40,23.1516161
728,0,-468416883.3,-477854518.7,-1.788139343e-07,-9437635.356,-3.20481121e-16,-0.01691469946,-9437635.356,-0.01691469946,2.258676457,2.258676457,0.06083,0.11098,0,0,-468416883.3,-468416883.3,0,-474415762.9,41,23.16977549
729,0,-474342886.3,-472607704.3,-5926002.94,-4190820.979,-0.01062093999,-0.007511042192,1735181.961,0.003109897795,0.7477696799,0.7477696799,0.03102,0.05015,0,0,-468416883.3,-468416883.3,0,-474415762.9,42,23.18921733
730,0,-470964364.6,-459837379.2,-2547481.267,8579504.155,-0.004565749617,0.01537670495,11126985.42,0.01994245457,0.3208763824,16.67912362,1,111.76735,0,0,-468416883.3,-468416883.3,0,-474415762.9,43,23.20652127
731,0,-468416883.3,-475068876.3,-2.384185791e-07,-6651992.936,-4.273081613e-16,-0.01192210306,-6651992.936,-0.01192210306,1.191695361,1.191695361,0.03102,0.05015,0,0,-468416883.3,-468416883.3,0,-474415762.9,44,23.2237668
732,0,-473425536.5,-470195448.6,-5008653.224,-1778565.276,-0.008976810482,-0.003187651989,3230087.948,0.005789158493,0.3208763824,26.67912362,1,157.701665,0,0,-468416883.3,-468416883.3,0,-474415762.9,45,23.24239182
733,0,-468416883.3,-514557559.8,-2.384185791e-07,-46140676.49,-4.273081613e-16,-0.08269610409,-46140676.49,-0.08269610409,0.8712377526,327.3294443,1.28786,2041.27406,0,0,-468416883.3,-468416883.3,0,-474415762.9,46,23.26033521
734,0,-468416883.3,-471914806.8,-5.960464478e-08,-3497923.448,-1.068270403e-16,-0.006269189434,-3497923.448,-0.006269189434,3.061996333,3.061996333,0.10004,0.209015,0,0,-468416883.3,-468416883.3,0,-474415762.9,47,23.3454206
735,0,-468416883.3,-460335092.9,5.960464478e-08,8081790.448,1.068270403e-16,0.01448467242,8081790.448,0.01448467242,1.349443908,8.650556092,0.280665,0.36651,0,0,-468416883.3,-468416883.3,0,-474415762.9,48,23.51564741
736,0,-468416883.3,-460903296.3,1.788139343e-07,7513587.031,3.20481121e-16,0.01346630397,7513587.031,0.01346630397,2.483564964,2.483564964,0.078975,0.16482,0,0,-468416883.3,-468416883.3,0,-474415762.9,49,23.54042983
737,0,-468416883.3,-485857820.5,1.788139343e-07,-17440937.2,3.20481121e-16,-0.03125869987,-17440937.2,-0.03125869987,2.483564964,13.51643504,1,19.57348,0,0,-468416883.3,-468416883.3,0,-474415762.9,50,23.55257702
738,0,-473421282.4,-473188183.2,-5004399.042,-4771299.924,-0.008969185881,-0.008551411577,233099.1188,0.0004177743036,0.86801631,0.86801631,0.02852,0.02852,0,0,-468416883.3,-468416883.3,0,-474415762.9,51,23.59281301
739,0,-473232236.4,-478220114.3,-4815353.055,-9803230.954,-0.008630366258,-0.01756994195,-4987877.899,-0.00893957569,0.2561178214,28.74388218,1,163.51424,0,0,-468416883.3,-468416883.3,0,-474415762.9,52,23.6109755
740,0,-472749364.7,-468553423.3,-4332481.419,-136539.984,-0.007764934579,-0.0002447151969,4195941.435,0.007520219382,1.292844504,1.292844504,0.20013,0.22865,0,0,-468416883.3,-468416883.3,0,-474415762.9,53,23.62826824
741,0,-472868933.8,-473101279,-4452050.482,-4684395.639,-0.007979233468,-0.008395656476,-232345.1573,-0.0004164230084,0.2960314697,0.2960314697,0.02852,0.032135,0,0,-468416883.3,-468416883.3,0,-474415762.9,54,23.64563227
742,0,-472862808.1,-471308241.2,-4445924.76,-2891357.862,-0.007968254579,-0.005182065998,1554566.898,0.002786188581,0.2892328308,10.71076717,1,49.146725,0,0,-468416883.3,-468416883.3,0,-474415762.9,55,23.66220045
743,0,-471416087.5,-471503059.8,-2999204.202,-3086176.434,-0.005375354714,-0.005531231594,-86972.23138,-0.0001558768801,0.4382829689,0.4382829689,0.02852,0.02852,0,0,-468416883.3,-468416883.3,0,-474415762.9,56,23.67906427
744,0,-471547112.9,-468544507.5,-3130229.565,-127624.1515,-0.005610186275,-0.0002287357039,3002605.414,0.005381450571,0.2561178214,27.74388218,1,165.17428,0,0,-468416883.3,-468416883.3,0,-474415762.9,57,23.69575834
745,0,-470232888.1,-472092928.1,-1816004.768,-3676044.822,-0.003254753305,-0.006588429307,-1860040.054,-0.003333676002,0.9318558854,0.9318558854,0.07912,0.119075,0,0,-468416883.3,-468416883.3,0,-474415762.9,58,23.71269965
746,0,-471015671.1,-466129661.1,-2598787.778,2287222.257,-0.004657704241,0.004099297718,4886010.035,0.008757001959,0.73598152,21.26401848,1,114.476835,0,0,-468416883.3,-468416883.3,0,-474415762.9,59,23.73160052
747,0,-475093161.4,-477371840.5,-6676278.049,-8954957.133,-0.0119656283,-0.01604961443,-2278679.084,-0.004083986127,0.7499927753,0.7499927753,0.02852,0.04547,0,0,-468416883.3,-468416883.3,0,-474415762.9,60,23.749084
748,0,-477344992.1,-470050091.6,-8928108.773,-1633208.307,-0.01600149518,-0.00292713446,7294900.466,0.01307436072,0.4209699259,25.57903007,1,139.165215,0,0,-468416883.3,-468416883.3,0,-474415762.9,61,23.76755118
749,0,-468512693.5,-471890183.8,-95810.16851,-3473300.428,-0.0001717167643,-0.006225058573,-3377490.26,-0.006053341809,1.156950302,1.156950302,0.07912,0.15629,0,0,-468416883.3,-468416883.3,0,-474415762.9,62,23.78679347
750,0,-470719924.4,-464277832.3,-2303041.122,4139050.994,-0.004127649242,0.007418256901,6442092.116,0.01154590614,1.07429485,27.92570515,1,140.741155,0,0,-468416883.3,-468416883.3,0,-474415762.9,63,23.80633926
751,0,-468416883.3,-470620916.9,5.960464478e-08,-2204033.567,1.068270403e-16,-0.003950201928,-2204033.567,-0.003950201928,1.141483376,1.141483376,0.02754,0.07105,0,0,-468416883.3,-468416883.3,0,-474415762.9,64,23.82734227
752,0,-470107581.8,-463801960.9,-1690698.454,4614922.447,-0.003030171769,0.008271142429,6305620.9,0.0113013142,0.4502636566,24.54973634,1,139.200745,0,0,-468416883.3,-468416883.3,0,-474415762.9,65,23.85099983
753,0,-468416883.3,-465282768.2,1.788139343e-07,3134115.111,3.20481121e-16,0.005617150185,3134115.111,0.005617150185,0.9957898656,0.9957898656,0.08097,0.10851,0,0,-468416883.3,-468416883.3,0,-474415762.9,66,23.87913918
754,0,-468416883.3,-488678978.9,2.980232239e-07,-20262095.59,5.341352017e-16,-0.03631495013,-20262095.59,-0.03631495013,0.9142983096,14.08570169,1,79.34442,0,0,-468416883.3,-468416883.3,0,-474415762.9,67,23.90347481
755,0,-473091170.7,-477042727.6,-4674287.37,-8625844.287,-0.008377539826,-0.01545975853,-3951556.916,-0.007082218704,1.558384804,1.558384804,0.07846,0.14951,0,0,-468416883.3,-468416883.3,0,-474415762.9,68,23.92337656
756,0,-473626766.9,-470561680.5,-5209883.547,-2144797.2,-0.009337467607,-0.003844034938,3065086.347,0.005493432669,0.726956558,0.726956558,0.02754,0.07105,0,0,-468416883.3,-468416883.3,0,-474415762.9,69,23.94221258
757,0,-469794677.2,-463742731.8,-1377793.893,4674151.545,-0.002469365337,0.008377296391,6051945.437,0.01084666173,0.4502636566,28.54973634,1,164.942565,0,0,-468416883.3,-468416883.3,0,-474415762.9,70,23.9594357
758,0,-468416883.3,-464738166.9,1.788139343e-07,3678716.429,3.20481121e-16,0.006593217522,3678716.429,0.006593217522,1.27173511,1.27173511,0.08097,0.14352,0,0,-468416883.3,-468416883.3,0,-474415762.9,71,23.97817135
759,0,-468416883.3,-493884554.6,2.384185791e-07,-25467671.25,4.273081613e-16,-0.04564469688,-25467671.25,-0.04564469688,1.27173511,12.72826489,1,56.0041,0,0,-468416883.3,-468416883.3,0,-474415762.9,72,24.00193596
760,0,-477512850.1,-481515276.9,-9095966.764,-13098393.57,-0.0163023404,-0.02347573119,-4002426.806,-0.00717339079,1.854214825,1.854214825,0.07846,0.19799,0,0,-468416883.3,-468416883.3,0,-474415762.9,73,24.02265549
761,0,-478342508.8,-475034229.8,-9925625.511,-6617346.484,-0.01778930486,-0.01186000759,3308279.028,0.005929297263,1.108358493,1.108358493,0.04848,0.11953,0,0,-468416883.3,-468416883.3,0,-474415762.9,74,24.04008818
762,0,-474510419.2,-469373321.5,-6093535.857,-956438.143,-0.01092120259,-0.001714186142,5137097.714,0.009207016446,0.8316655919,17.16833441,1,108.298875,0,0,-468416883.3,-468416883.3,0,-474415762.9,75,24.05767918
763,0,-468416883.3,-467915153.1,1.192092896e-07,501730.2432,2.136540807e-16,0.0008992312114,501730.2432,0.0008992312114,0.4316719551,0.4316719551,0.05355,0.07407,0,0,-468416883.3,-468416883.3,0,-474415762.9,76,24.07544065
764,0,-468416883.3,-474426855.4,1.788139343e-07,-6009972.094,3.20481121e-16,-0.01077143457,-6009972.094,-0.01077143457,0.4316719551,11.56832804,1,38.26794,0,0,-468416883.3,-468416883.3,0,-474415762.9,77,24.09235811
765,0,-468616646.5,-469578429.9,-199763.186,-1161546.607,-0.0003580276337,-0.002081793905,-961783.4209,-0.001723766272,0.8278272787,0.8278272787,0.06855,0.09609,0,0,-468416883.3,-468416883.3,0,-474415762.9,78,24.11185932
766,0,-469524112.8,-482103540,-1107229.439,-13686656.67,-0.001984443401,-0.02453005181,-12579427.23,-0.02254560841,0.5786365928,12.42136341,1,69.064475,0,0,-468416883.3,-468416883.3,0,-474415762.9,79,24.1283288
767,0,-470425090.5,-475469608.6,-2008207.183,-7052725.306,-0.003599230069,-0.01264031979,-5044518.122,-0.009041089717,1.553941218,1.553941218,0.080985,0.108525,0,0,-468416883.3,-468416883.3,0,-474415762.9,80,24.14547777
768,0,-471129958.3,-469803077.4,-2713074.982,-1386194.118,-0.004862536664,-0.002484420728,1326880.864,0.002378115936,0.5076543695,0.5076543695,0.02754,0.02754,0,0,-468416883.3,-468416883.3,0,-474415762.9,81,24.16192341
769,0,-469667192.3,-467247178.5,-1250308.996,1169704.783,-0.002240879215,0.00209641548,2420013.779,0.004337294695,0.2495130238,12.75048698,1,76.174845,0,0,-468416883.3,-468416883.3,0,-474415762.9,82,24.1782341
770,0,-468741244.3,-469258476.1,-324360.935,-841592.8001,-0.0005813392365,-0.00150835339,-517231.8652,-0.0009270141535,0.2632699281,0.2632699281,0.02052,0.02052,0,0,-468416883.3,-468416883.3,0,-474415762.9,83,24.1946373
771,0,-469155540.6,-465462624.2,-738657.2844,2954259.117,-0.001323866148,0.00529480142,3692916.401,0.006618667569,0.1614349776,28.83856502,1,164.148855,0,0,-468416883.3,-468416883.3,0,-474415762.9,84,24.21117306
772,0,-468416883.3,-469183048.3,5.960464478e-08,-766164.9375,1.068270403e-16,-0.001373167024,-766164.9375,-0.001373167024,0.8626836989,0.8626836989,0.07912,0.139035,0,0,-468416883.3,-468416883.3,0,-474415762.9,85,24.22882104
773,0,-468416883.3,-484898574.5,5.960464478e-08,-16481691.14,1.068270403e-16,-0.02953948121,-16481691.14,-0.02953948121,0.8626836989,14.1373163,1,83.739565,0,0,-468416883.3,-468416883.3,0,-474415762.9,86,24.24756908
774,0,-474627957.3,-481580636,-6211074.027,-13163752.67,-0.01113186159,-0.02359287171,-6952678.642,-0.01246101012,2.0963077,2.0963077,0.10518,0.16921,0,0,-468416883.3,-468416883.3,0,-474415762.9,87,24.26565599
775,0,-476573716.6,-475099588.9,-8156833.263,-6682705.582,-0.01461916868,-0.01197714811,1474127.681,0.002642020564,0.3883158711,0.3883158711,0.023,0.06403,0,0,-468416883.3,-468416883.3,0,-474415762.9,88,24.28299785
776,0,-476350446.1,-474057294.9,-7933562.756,-5640411.6,-0.01421900981,-0.01010908596,2293151.156,0.004109923849,0.3738353208,23.62616468,1,118.862695,0,0,-468416883.3,-468416883.3,0,-474415762.9,89,24.30008578
777,0,-475288051.5,-476164294.5,-6871168.195,-7747411.175,-0.01231492218,-0.01388537771,-876242.98,-0.001570455533,1.199578964,1.199578964,0.07912,0.17625,0,0,-468416883.3,-468416883.3,0,-474415762.9,90,24.31746244
778,0,-475288051.5,-468382580.9,-6871168.195,34302.43003,-0.01231492218,6.147888458e-05,6905470.625,0.01237640106,1.199578964,23.80042104,1,113.539915,0,0,-468416883.3,-468416883.3,0,-474415762.9,91,24.33603048
779,0,-468482834,-557043472.2,-65950.64049,-88626588.91,-0.0001182007167,-0.1588419195,-88560638.27,-0.1587237188,1.832200415,363.5023836,1.86482,2371.21705,0,0,-468416883.3,-468416883.3,0,-474415762.9,92,24.35380864
780,0,-468416883.3,-475931465,-1.192092896e-07,-7514581.629,-2.136540807e-16,-0.01346808655,-7514581.629,-0.01346808655,6.732040582,6.732040582,0.129715,0.267085,0,0,-468416883.3,-468416883.3,0,-474415762.9,93,24.43887496
781,0,-477024696,-476235105.3,-8607812.628,-7818221.943,-0.0154274411,-0.01401228904,789590.6852,0.001415152062,1.760844477,1.760844477,0.04597,0.160415,0,0,-468416883.3,-468416883.3,0,-474415762.9,94,24.60853076
782,0,-477132393.4,-497560541.3,-8715510.118,-29143657.98,-0.01562046304,-0.05223302208,-20428147.86,-0.03661255904,1.268073949,20.73192605,1,104.16135,0,0,-468416883.3,-468416883.3,0,-474415762.9,95,24.62642503
783,0,-483660742.3,-482224767.1,-15243858.97,-13807883.73,-0.02732096372,-0.02474732226,1435975.241,0.00257364146,1.256639476,1.256639476,0.10996,0.13695,0,0,-468416883.3,-468416883.3,0,-474415762.9,96,24.64394951
784,0,-484683222.4,-486772622.7,-16266339.05,-18355739.39,-0.02915351419,-0.03289826354,-2089400.344,-0.00374474935,0.7272903337,0.7272903337,0.044595,0.071585,0,0,-468416883.3,-468416883.3,0,-474415762.9,97,24.66190267
785,0,-488055710.2,-496575168.1,-19638826.85,-28158284.82,-0.0351978903,-0.05046697685,-8519457.968,-0.01526908655,0.644040947,14.35595905,1,82.26853,0,0,-468416883.3,-468416883.3,0,-474415762.9,98,24.67863011
786,0,-486172738.5,-485368558.8,-17755855.15,-16951675.49,-0.03182311482,-0.03038181552,804179.6547,0.001441299294,1.709786513,1.709786513,0.10996,0.18347,0,0,-468416883.3,-468416883.3,0,-474415762.9,99,24.69608068
787,0,-486550509,-489916414.5,-18133625.68,-21499531.15,-0.03250017795,-0.0385327568,-3365905.473,-0.006032578856,1.133330309,1.133330309,0.04652,0.07351,0,0,-468416883.3,-468416883.3,0,-474415762.9,100,24.71409297
788,0,-488699313.5,-479230977.7,-20282430.2,-10814094.38,-0.03635139506,-0.01938167237,9468335.821,0.01696972269,0.6608429022,27.3391571,1,148.11027,0,0,-468416883.3,-468416883.3,0,-474415762.9,101,24.72835827
789,0,-481119650.1,-485499434.7,-12702766.77,-17082551.39,-0.02276666497,-0.0306163792,-4379784.62,-0.007849714231,2.344484149,2.344484149,0.162075,0.189065,0,0,-468416883.3,-468416883.3,0,-474415762.9,102,24.74609733
790,0,-481659226.3,-482774445.8,-13242343.02,-14357562.45,-0.02373372607,-0.02573248963,-1115219.436,-0.001998763555,0.7106066158,0.7106066158,0.047505,0.074495,0,0,-468416883.3,-468416883.3,0,-474415762.9,103,24.76451039
791,0,-481659226.3,-478890654.7,-13242343.02,-10473771.37,-0.02373372607,-0.01877172493,2768571.649,0.004962001138,0.7106066158,29.28939338,1,156.27221,0,0,-468416883.3,-468416883.3,0,-474415762.9,104,24.77669024
792,0,-482293827.6,-482250881.4,-13876944.29,-13833998.07,-0.02487109676,-0.02479412595,42946.22284,7.697081153e-05,0.8952438367,0.8952438367,0.08318,0.11017,0,0,-468416883.3,-468416883.3,0,-474415762.9,105,24.79474759
793,0,-482237238.7,-480238126.6,-13820355.36,-11821243.27,-0.02476967467,-0.02118674537,1999112.092,0.003582929299,0.6541465325,29.34585347,1,153.448755,0,0,-468416883.3,-468416883.3,0,-474415762.9,106,24.81333971
794,0,-477840359.6,-476819009.4,-9423476.236,-8402126.122,-0.01688932263,-0.01505879734,1021350.114,0.001830525293,0.9860049478,0.9860049478,0.04597,0.07296,0,0,-468416883.3,-468416883.3,0,-474415762.9,107,24.83154869
795,0,-477657096.7,-487436594.2,-9240213.355,-19019710.92,-0.01656086784,-0.03408827337,-9779497.561,-0.01752740553,0.475621449,13.52437855,1,81.52463,0,0,-468416883.3,-468416883.3,0,-474415762.9,108,24.85008669
796,0,-480303073.7,-475797502.2,-11886190.4,-7380618.899,-0.02130314754,-0.01322799047,4505571.504,0.008075157071,2.021158482,2.021158482,0.26606,0.29305,0,0,-468416883.3,-468416883.3,0,-474415762.9,109,24.86719155
797,0,-479428909.8,-480345357.9,-11012026.43,-11928474.55,-0.01973641813,-0.02137893175,-916448.1241,-0.001642513618,0.5315346011,0.5315346011,0.05761,0.0846,0,0,-468416883.3,-468416883.3,0,-474415762.9,110,24.88455677
798,0,-479428909.8,-476078050.4,-11012026.43,-7661167.097,-0.01973641813,-0.01373080587,3350859.333,0.006005612256,0.5315346011,18.4684654,1,111.37925,0,0,-468416883.3,-468416883.3,0,-474415762.9,111,24.89888763
799,0,-474757650.5,-472271153.8,-6340767.147,-3854270.466,-0.01136430542,-0.006907856059,2486496.68,0.004456449362,1.277752679,1.277752679,0.05788,0.13084,0,0,-468416883.3,-468416883.3,0,-474415762.9,112,24.9162488
800,0,-474416294.6,-488216560.6,-5999411.294,-19799677.29,-0.01075250687,-0.03548617616,-13800266,-0.02473366929,0.8877586522,27.11224135,1,149.38539,0,0,-468416883.3,-468416883.3,0,-474415762.9,113,24.93348837
801,0,-488028915.2,-489970196.7,-19612031.88,-21553313.4,-0.03514986674,-0.0386291486,-1941281.522,-0.003479281861,1.14219714,1.14219714,0.04652,0.07351,0,0,-468416883.3,-468416883.3,0,-474415762.9,114,24.95110226
802,0,-488753095.8,-479188951.5,-20336212.46,-10772068.13,-0.03644778685,-0.01930635039,9564144.323,0.01714143646,0.6608429022,29.3391571,1,151.99916,0,0,-468416883.3,-468416883.3,0,-474415762.9,115,24.97057343
803,0,-478728267.2,-475769834.3,-10311383.86,-7352950.982,-0.01848068424,-0.01317840236,2958432.877,0.005302281885,1.968406106,1.968406106,0.26421,0.2912,0,0,-468416883.3,-468416883.3,0,-474415762.9,116,24.9880259
804,0,-479432578.9,-480317690,-11015695.55,-11900806.64,-0.01974299415,-0.02132934363,-885111.0859,-0.001586349487,0.5226480606,0.5226480606,0.05576,0.08275,0,0,-468416883.3,-468416883.3,0,-474415762.9,117,25.0061934
805,0,-479432578.9,-482689577.5,-11015695.55,-14272694.14,-0.01974299415,-0.02558038351,-3256998.587,-0.005837389363,0.5226480606,16.47735194,1,107.20732,0,0,-468416883.3,-468416883.3,0,-474415762.9,118,25.01864457
806,0,-474632641.7,-472243485.9,-6215758.363,-3826602.549,-0.01114025714,-0.006858267949,2389155.814,0.004281989188,1.25982053,1.25982053,0.05603,0.12899,0,0,-468416883.3,-468416883.3,0,-474415762.9,119,25.03611541
807,0,-474348264.3,-488148420,-5931381.022,-19731536.71,-0.01063057891,-0.0353640505,-13800155.68,-0.02473347159,0.8788836222,29.12111638,1,152.38354,0,0,-468416883.3,-468416883.3,0,-474415762.9,120,25.05381131
808,0,-486976707.4,-489942528.8,-18559824.1,-21525645.49,-0.03326403647,-0.03857956049,-2965821.386,-0.005315524016,1.252037824,1.252037824,0.04652,0.07351,0,0,-468416883.3,-468416883.3,0,-474415762.9,121,25.07203174
809,0,-489450951.3,-494971903.4,-21034067.99,-26555020.05,-0.03769852564,-0.047593509,-5520952.057,-0.009894983358,0.678321187,19.32167881,1,97.556095,0,0,-468416883.3,-468416883.3,0,-474415762.9,122,25.09299517
810,0,-481538508,-482803823.1,-13121624.69,-14386939.83,-0.0235173674,-0.02578514153,-1265315.136,-0.002267774124,0.899141075,0.899141075,0.08318,0.1291,0,0,-468416883.3,-468416883.3,0,-474415762.9,123,25.11158442
811,0,-481856289.9,-492882407,-13439406.55,-24465523.68,-0.02408691522,-0.04384858756,-11026117.14,-0.01976167235,0.8706321573,13.12936784,1,84.85875,0,0,-468416883.3,-468416883.3,0,-474415762.9,124,25.12818813
812,0,-478050720.9,-481969808.1,-9633837.554,-13552924.8,-0.01726634488,-0.02429036947,-3919087.243,-0.007024024597,1.758495452,1.758495452,0.08699,0.16776,0,0,-468416883.3,-468416883.3,0,-474415762.9,125,25.14588928
813,0,-479058968.5,-479997864.6,-10642085.13,-11580981.24,-0.01907338702,-0.02075613326,-938896.103,-0.00168274624,1.349040264,18.65095974,1,110.83004,0,0,-468416883.3,-468416883.3,0,-474415762.9,126,25.16361189
814,0,-478990167.2,-481241453,-10573283.86,-12824569.65,-0.01895007722,-0.02298496744,-2251285.791,-0.004034890215,1.220007329,1.220007329,0.074225,0.124545,0,0,-468416883.3,-468416883.3,0,-474415762.9,127,25.1818018
815,0,-479142915.1,-477153824.9,-10726031.78,-8736941.537,-0.01922384126,-0.01565887372,1989090.244,0.003564967537,1.206306515,25.79369349,1,156.15626,0,0,-468416883.3,-468416883.3,0,-474415762.9,128,25.20169449
816,0,-478310554.1,-480948300.9,-9893670.728,-12531417.57,-0.01773203357,-0.0224595626,-2637746.846,-0.004727529034,0.7305184492,0.7305184492,0.08318,0.11798,0,0,-468416883.3,-468416883.3,0,-474415762.9,129,25.22172618
817,0,-478310554.1,-470820384.3,-9893670.728,-2403501.023,-0.01773203357,-0.004307699538,7490169.705,0.01342433403,0.7305184492,28.26948155,1,155.35905,0,0,-468416883.3,-468416883.3,0,-474415762.9,130,25.23983026
818,0,-468416883.3,-461310438.4,-5.960464478e-08,7106444.92,-1.068270403e-16,0.01273659932,7106444.92,0.01273659932,2.226716766,2.226716766,0.05036,0.14665,0,0,-468416883.3,-468416883.3,0,-474415762.9,131,25.2599926
819,0,-468416883.3,-476373307.2,-5.960464478e-08,-7956423.894,-1.068270403e-16,-0.01425998292,-7956423.894,-0.01425998292,1.607023875,20.39297613,1,112.225805,0,0,-468416883.3,-468416883.3,0,-474415762.9,132,25.27788854
820,0,-479693461.7,-484256090.6,-11276578.36,-15839207.27,-0.02021056406,-0.02838798285,-4562628.906,-0.008177418789,1.98068384,1.98068384,0.12153,0.15633,0,0,-468416883.3,-468416883.3,0,-474415762.9,133,25.29827809
821,0,-481289722.8,-481531101.6,-12872839.48,-13114218.33,-0.02307147953,-0.02350409327,-241378.8492,-0.000432613736,0.4085094737,0.4085094737,0.0348,0.04176,0,0,-468416883.3,-468416883.3,0,-474415762.9,134,25.32067466
822,0,-481289722.8,-478459357.9,-12872839.48,-10042474.58,-0.02307147953,-0.01799872882,2830364.893,0.005072750718,0.4085094737,13.59149053,1,73.13321,0,0,-468416883.3,-468416883.3,0,-474415762.9,135,25.33274245
823,0,-474030859.4,-472647932,-5613976.052,-4231048.662,-0.01006170657,-0.007583140673,1382927.39,0.0024785659,0.9145214912,0.9145214912,0.05032,0.09629,0,0,-468416883.3,-468416883.3,0,-474415762.9,136,25.351547
824,0,-473077398.9,-470787864.6,-4660515.611,-2370981.297,-0.008352857248,-0.004249415722,2289534.314,0.004103441526,0.8074553656,21.19254463,1,108.042325,0,0,-468416883.3,-468416883.3,0,-474415762.9,137,25.36849737
825,0,-476660791.8,-478144816.7,-8243908.443,-9727933.358,-0.01477523007,-0.01743498905,-1484024.915,-0.002659758985,1.901722256,1.901722256,0.1096,0.13659,0,0,-468416883.3,-468416883.3,0,-474415762.9,138,25.38692236
826,0,-480595417.7,-482692672.3,-12178534.37,-14275789.01,-0.02182710404,-0.02558593033,-2097254.64,-0.003758826293,0.7290173665,0.7290173665,0.02699,0.039025,0,0,-468416883.3,-468416883.3,0,-474415762.9,139,25.40451407
827,0,-482127364.4,-482861181.7,-13710481.04,-14444298.34,-0.02457275127,-0.02588794292,-733817.3041,-0.001315191644,0.3650488846,11.63495112,1,55.22864,0,0,-468416883.3,-468416883.3,0,-474415762.9,140,25.42107248
828,0,-479079634.8,-481328357.3,-10662751.49,-12911473.93,-0.01911042651,-0.02314072254,-2248722.445,-0.004030296031,1.039364646,1.039364646,0.05032,0.05728,0,0,-468416883.3,-468416883.3,0,-474415762.9,141,25.43820643
829,0,-481256444.7,-470662517.9,-12839561.4,-2245634.587,-0.02301183656,-0.004024761787,10593926.82,0.01898707478,0.5609128714,21.43908713,1,116.470545,0,0,-468416883.3,-468416883.3,0,-474415762.9,142,25.45498252
830,0,-477834832.3,-480975968.8,-9417948.955,-12559085.49,-0.01687941631,-0.02250915071,-3141136.537,-0.005629734407,0.7283159803,0.7283159803,0.08503,0.11983,0,0,-468416883.3,-468416883.3,0,-474415762.9,143,25.47415066
831,0,-477834832.3,-471028639.3,-9417948.955,-2611755.994,-0.01687941631,-0.004680946661,6806192.961,0.01219846964,0.7283159803,29.27168402,1,163.306415,0,0,-468416883.3,-468416883.3,0,-474415762.9,144,25.49259424
832,0,-468416883.3,-461513182.8,-5.960464478e-08,6903700.527,-1.068270403e-16,0.01237322859,6903700.527,0.01237322859,1.71799752,1.71799752,0.05036,0.09633,0,0,-468416883.3,-468416883.3,0,-474415762.9,145,25.51141715
833,0,-468416883.3,-483327740.7,-1.788139343e-07,-14910857.38,-3.20481121e-16,-0.02672413817,-14910857.38,-0.02672413817,1.099276211,17.90072379,1,113.56077,0,0,-468416883.3,-468416883.3,0,-474415762.9,146,25.52980351
834,0,-479693461.7,-615436546.9,-11276578.36,-147019663.6,-0.02021056406,-0.2634975109,-135743085.3,-0.2432869468,1.98068384,305.5388691,2.24517,2204.918015,0,0,-468416883.3,-468416883.3,0,-474415762.9,147,25.54778337
835,0,-468416883.3,-490524475.6,1.192092896e-07,-22107592.26,2.136540807e-16,-0.03962256061,-22107592.26,-0.03962256061,8.915557001,8.915557001,0.32788,0.559455,0,0,-468416883.3,-468416883.3,0,-474415762.9,148,25.62530947
836,0,-479880572.3,-476321336.8,-11463688.96,-7904453.485,-0.02054591496,-0.01416683841,3559235.471,0.006379076541,2.838801095,2.838801095,0.1197,0.220405,0,0,-468416883.3,-468416883.3,0,-474415762.9,149,25.78996205
837,0,-475157040.9,-479591410.4,-6740157.61,-11174527.12,-0.0120801171,-0.02002766168,-4434369.515,-0.007947544571,2.298570598,2.298570598,0.1197,0.24081,0,0,-468416883.3,-468416883.3,0,-474415762.9,150,25.811975
838,0,-477247862.5,-487518300.2,-8830979.18,-19101416.87,-0.01582741366,-0.03423471171,-10270437.69,-0.01840729805,1.70167368,14.29832632,1.0048,68.11415,0,0,-468416883.3,-468416883.3,0,-474415762.9,151,25.83281994
839,0,-470236034.1,-470133822.3,-1819150.757,-1716938.98,-0.003260391736,-0.003077201624,102211.7765,0.0001831901124,1.030718557,1.030718557,0.08256,0.14762,0,0,-468416883.3,-468416883.3,0,-474415762.9,152,25.8505249
840,0,-470236034.1,-469764971,-1819150.757,-1348087.721,-0.003260391736,-0.002416124144,471063.036,0.0008442675925,1.030718557,9.969281443,1,46.395625,0,0,-468416883.3,-468416883.3,0,-474415762.9,153,25.87144089
841,0,-468642069.7,-472770347.1,-225186.3831,-4353463.739,-0.0004035926214,-0.007802540359,-4128277.356,-0.007398947738,1.396567119,1.396567119,0.07711,0.14704,0,0,-468416883.3,-468416883.3,0,-474415762.9,154,25.89054585
842,0,-471891187.1,-473207247,-3474303.798,-4790363.665,-0.006226856872,-0.008585578765,-1316059.868,-0.002358721893,0.9325477013,15.0674523,1,62.65853,0,0,-468416883.3,-468416883.3,0,-474415762.9,155,25.90889144
843,0,-470583937.9,-467322802.3,-2167054.561,1094081.05,-0.003883925924,0.001960878064,3261135.611,0.005844803987,1.543826084,1.543826084,0.08256,0.17022,0,0,-468416883.3,-468416883.3,0,-474415762.9,156,25.92760801
844,0,-470113875.8,-476608860,-1696992.436,-8191976.66,-0.003041452225,-0.01468215479,-6494984.223,-0.01164070257,1.094575417,17.90542458,1,113.27547,0,0,-468416883.3,-468416883.3,0,-474415762.9,157,25.94550967
845,0,-473062864,-471443167.3,-4645980.689,-3026283.946,-0.008326806885,-0.005423888665,1619696.743,0.002902918219,0.5617424272,0.5617424272,0.09313,0.122205,0,0,-468416883.3,-468416883.3,0,-474415762.9,158,25.96273422
846,0,-472414683.5,-477915632.9,-3997800.145,-9498749.555,-0.007165098608,-0.01702423202,-5500949.41,-0.009859133407,0.446856753,28.55314325,1,158.326695,0,0,-468416883.3,-468416883.3,0,-474415762.9,159,25.98185277
847,0,-468416883.3,-465848286.3,2.980232239e-07,2568597.054,5.341352017e-16,0.004603594605,2568597.054,0.004603594605,0.5880258351,0.5880258351,0.08256,0.08256,0,0,-468416883.3,-468416883.3,0,-474415762.9,160,26.00022507
848,0,-468416883.3,-491066748.2,4.172325134e-07,-22649864.92,7.477892823e-16,-0.04059445439,-22649864.92,-0.04059445439,0.5154558107,14.48454419,1,77.505775,0,0,-468416883.3,-468416883.3,0,-474415762.9,161,26.0220027
849,0,-473839122.2,-472038488,-5422238.895,-3621604.652,-0.009718063674,-0.00649085835,1800634.243,0.003227205324,1.256359439,1.256359439,0.23396,0.29334,0,0,-468416883.3,-468416883.3,0,-474415762.9,162,26.04034114
850,0,-472995124,-482357404.8,-4578240.697,-13940521.48,-0.008205399185,-0.02498504363,-9362280.779,-0.01677964444,1.202934384,25.79706562,1,162.27942,0,0,-468416883.3,-468416883.3,0,-474415762.9,163,26.05744839
851,0,-468416883.3,-470650876.3,4.172325134e-07,-2233992.931,7.477892823e-16,-0.004003896909,-2233992.931,-0.004003896909,0.4944986764,0.4944986764,0.04065,0.04065,0,0,-468416883.3,-468416883.3,0,-474415762.9,164,26.07672429
852,0,-469627779.4,-483831920.8,-1210896.031,-15415037.48,-0.002170240921,-0.02762776017,-14204141.45,-0.02545751925,0.2101202217,28.78987978,1,163.13729,0,0,-468416883.3,-468416883.3,0,-474415762.9,165,26.0960722
853,0,-470483376.3,-467213732.7,-2066492.959,1203150.608,-0.003703693353,0.002156359105,3269643.566,0.005860052458,1.589917941,1.589917941,0.10172,0.16617,0,0,-468416883.3,-468416883.3,0,-474415762.9,166,26.1132834
854,0,-470329356.3,-483138985.4,-1912472.96,-14722102.06,-0.003427649419,-0.0263858395,-12809629.1,-0.02295819008,1.186611155,15.81338884,1,108.824305,0,0,-468416883.3,-468416883.3,0,-474415762.9,167,26.13327074
855,0,-472546077.4,-471334097.7,-4129194.047,-2917214.389,-0.007400590687,-0.005228407624,1211979.659,0.002172183064,0.3910266548,0.3910266548,0.07397,0.098995,0,0,-468416883.3,-468416883.3,0,-474415762.9,168,26.14986753
856,0,-472656489.1,-482909834.8,-4239605.731,-14492951.49,-0.007598477167,-0.02597514203,-10253345.76,-0.01837666487,0.3549040686,13.64509593,1,91.79278,0,0,-468416883.3,-468416883.3,0,-474415762.9,169,26.1664536
857,0,-471802779.9,-472355604.9,-3385896.55,-3938721.611,-0.006068408069,-0.007059214496,-552825.0613,-0.000990806427,1.217512267,1.217512267,0.142,0.285125,0,0,-468416883.3,-468416883.3,0,-474415762.9,170,26.18268991
858,0,-470578643.1,-467807749.3,-2161759.768,609134.0442,-0.003874436276,0.001091726783,2770893.812,0.004966163059,0.8073971035,0.8073971035,0.10172,0.10172,0,0,-468416883.3,-468416883.3,0,-474415762.9,171,26.1991055
859,0,-469128870.9,-483381607.8,-711987.6004,-14964724.51,-0.001276067132,-0.02682068209,-14252736.91,-0.02554461496,0.4886156211,23.51138438,1,141.6512,0,0,-468416883.3,-468416883.3,0,-474415762.9,172,26.21540499
860,0,-469749778.9,-469352469.4,-1332895.548,-935586.1048,-0.002388895815,-0.001676813861,397309.4431,0.0007120819537,0.7693196757,0.7693196757,0.06184,0.091395,0,0,-468416883.3,-468416883.3,0,-474415762.9,173,26.2320714
861,0,-468416883.3,-478445352.6,4.172325134e-07,-10028469.32,7.477892823e-16,-0.01797362773,-10028469.32,-0.01797362773,0.2976976102,12.70230239,1,72.70305,0,0,-468416883.3,-468416883.3,0,-474415762.9,174,26.24870276
862,0,-470483376.3,-566860265.7,-2066492.959,-98443382.43,-0.003703693353,-0.1764361691,-96376889.47,-0.1727324758,1.589917941,317.8537507,1,2045.00048,0,0,-468416883.3,-468416883.3,0,-474415762.9,175,26.26540565
863,0,-468416883.3,-451710441,3.576278687e-07,16706442.35,6.40962242e-16,0.02994229388,16706442.35,0.02994229388,13.80685369,13.80685369,0.289635,1.04096,0,0,-468416883.3,-468416883.3,0,-474415762.9,176,26.34297705
864,0,-468416883.3,-461385493.1,5.960464478e-08,7031390.27,1.068270403e-16,0.01260208185,7031390.27,0.01260208185,4.078682871,4.078682871,0.22813,0.59572,0,0,-468416883.3,-468416883.3,0,-474415762.9,177,26.51017499
865,0,-468416883.3,-480757267.2,1.788139343e-07,-12340383.89,3.20481121e-16,-0.02211718051,-12340383.89,-0.02211718051,3.9003854,11.00209525,0.413755,1.01759,0,0,-468416883.3,-468416883.3,0,-474415762.9,178,26.53552151
866,0,-477755767.4,-481777299.4,-9338884.044,-13360416.04,-0.0167377114,-0.02394534366,-4021531.991,-0.007207632255,1.004936516,1.004936516,0.08044,0.13466,0,0,-468416883.3,-468416883.3,0,-474415762.9,179,26.60057545
867,0,-477888894,-468188998.2,-9472010.681,227885.1457,-0.01697630899,0.0004084295064,9699895.827,0.0173847385,0.8832005514,21.11679945,1,113.981985,0,0,-468416883.3,-468416883.3,0,-474415762.9,180,26.61798739
868,0,-471334916.2,-472610954,-2918032.885,-4194070.659,-0.005229874583,-0.007516866465,-1276037.774,-0.002286991882,0.5361547592,0.5361547592,0.08044,0.10012,0,0,-468416883.3,-468416883.3,0,-474415762.9,181,26.63626838
869,0,-472264154,-475664832.1,-3847270.712,-7247948.822,-0.006895310677,-0.01299021115,-3400678.11,-0.006094900473,0.4809807931,23.51901921,1,144.291805,0,0,-468416883.3,-468416883.3,0,-474415762.9,182,26.65355563
870,0,-474335835.9,-474544145.4,-5918952.576,-6127262.091,-0.0106083039,-0.01098164878,-208309.5152,-0.0003733448806,0.6635691639,0.6635691639,0.08044,0.12754,0,0,-468416883.3,-468416883.3,0,-474415762.9,183,26.67018104
871,0,-474520386.4,-486184424,-6103503.076,-17767540.67,-0.01093906644,-0.0318440583,-11664037.59,-0.02090499187,0.5982229959,9.401777004,1,58.88681,0,0,-468416883.3,-468416883.3,0,-474415762.9,184,26.68717718
872,0,-476169420.4,-479092001.1,-7752537.067,-10675117.75,-0.01389456464,-0.01913259006,-2922580.679,-0.005238025414,0.8729626287,0.8729626287,0.08044,0.12505,0,0,-468416883.3,-468416883.3,0,-474415762.9,185,26.70386195
873,0,-475329465.1,-461789820.2,-6912581.778,6627063.171,-0.0123891461,0.01187742243,13539644.95,0.02426656853,0.7905928606,19.20940714,1,112.097805,0,0,-468416883.3,-468416883.3,0,-474415762.9,186,26.72059679
874,0,-471334916.2,-576868816.4,-2918032.885,-108451933.1,-0.005229874583,-0.1943740974,-105533900.2,-0.1891442228,0.5361547592,333.4747285,2.336575,2147.00501,0,0,-468416883.3,-468416883.3,0,-474415762.9,187,26.73800564
875,0,-471008674.1,-495051500.2,-2591790.764,-26634616.87,-0.004645163771,-0.04773616723,-24042826.11,-0.04309100346,9.006404193,9.006404193,0.26911,0.66021,0,0,-468416883.3,-468416883.3,0,-474415762.9,188,26.83547997
876,0,-481144923.8,-484275226.9,-12728040.48,-15858343.58,-0.02281196204,-0.02842228011,-3130303.103,-0.005610318074,1.529270573,1.529270573,0.11012,0.17088,0,0,-468416883.3,-468416883.3,0,-474415762.9,189,27.0101161
877,0,-481073778.6,-439254810,-12656895.29,29162073.28,-0.02268445133,0.05226602708,41818968.56,0.07495047841,1.178359786,17.82164021,1,80.492845,0,0,-468416883.3,-468416883.3,0,-474415762.9,190,27.0326767
878,0,-468416883.3,-466108901.6,1.788139343e-07,2307981.749,3.20481121e-16,0.004136504132,2307981.749,0.004136504132,1.446876151,1.446876151,0.06526,0.16177,0,0,-468416883.3,-468416883.3,0,-474415762.9,191,27.0552094
879,0,-468416883.3,-454324440.3,1.788139343e-07,14092442.98,3.20481121e-16,0.0252573265,14092442.98,0.0252573265,0.8834030272,25.11659697,1,120.21777,0,0,-468416883.3,-468416883.3,0,-474415762.9,192,27.07695532
880,0,-468416883.3,-466392711.8,1.788139343e-07,2024171.547,3.20481121e-16,0.003627842365,2024171.547,0.003627842365,1.797584029,1.797584029,0.096155,0.146785,0,0,-468416883.3,-468416883.3,0,-474415762.9,193,27.09785652
881,0,-468416883.3,-492048297.9,5.960464478e-08,-23631414.6,1.068270403e-16,-0.04235364694,-23631414.6,-0.04235364694,1.382160556,17.61783944,1,86.483345,0,0,-468416883.3,-468416883.3,0,-474415762.9,194,27.12074065
882,0,-476443297.7,-482066854,-8026414.414,-13649970.66,-0.01438542415,-0.02446430092,-5623556.242,-0.01007887677,2.244098536,2.244098536,0.094805,0.187245,0,0,-468416883.3,-468416883.3,0,-474415762.9,195,27.14504457
883,0,-478319364.5,-477665179.1,-9902481.167,-9248295.827,-0.01774782417,-0.01657535373,654185.3395,0.001172470433,0.307839185,0.307839185,0,0,1,1,-468416883.3,-468416883.3,0,-477665179.1,0,27.15997005
884,0,-477665179.1,-482706616,-9248295.827,-14289732.72,-0.01657535373,-0.02561092108,-5041436.891,-0.009035567347,0,16,1,116,0,0,-468416883.3,-468416883.3,0,-477665179.1,1,27.17642403
885,0,-473734976.6,-473117323.5,-5318093.296,-4700440.172,-0.009531407647,-0.008424412456,617653.1235,0.001106995191,0.1358119453,0.1358119453,0.02831,0.02831,0,0,-468416883.3,-468416883.3,0,-477665179.1,2,27.19295716
886,0,-473734976.6,-488156254.9,-5318093.296,-19739371.57,-0.009531407647,-0.03537809262,-14421278.28,-0.02584668497,0.1358119453,13.86418805,1,102.243455,0,0,-468416883.3,-468416883.3,0,-477665179.1,3,27.20955753
887,0,-477665179.1,-511723033.8,-9248295.827,-43306150.52,-0.01657535373,-0.07761589563,-34057854.69,-0.0610405419,0,334,1.322465,2293.023275,0,0,-468416883.3,-468416883.3,0,-477665179.1,4,27.22626519
888,0,-478111618.4,-481972679,-9694735.075,-13555795.68,-0.01737548909,-0.02429551484,-3861060.604,-0.006920025753,4.20021217,4.20021217,0.07114,0.148945,0,0,-468416883.3,-468416883.3,0,-477665179.1,5,27.28500247
889,0,-477848779.5,-478828887.2,-9431896.208,-10412003.92,-0.01690441341,-0.01866102158,-980107.7101,-0.001756608168,0.9842231415,0.9842231415,0.07114,0.08292,0,0,-468416883.3,-468416883.3,0,-477665179.1,6,27.44959736
890,0,-475851607.5,-458574275.8,-7434724.214,9842607.567,-0.01332496128,0.01764051509,17277331.78,0.03096547637,0.7849186643,22.21508134,1,115.078185,0,0,-468416883.3,-468416883.3,0,-477665179.1,7,27.46607137
891,0,-468416883.3,-469004602.4,3.576278687e-07,-587719.1085,6.40962242e-16,-0.001053345644,-587719.1085,-0.001053345644,3.105354434,3.105354434,0.144355,0.289705,0,0,-468416883.3,-468416883.3,0,-477665179.1,8,27.48505998
892,0,-470516218.3,-473552458.1,-2099334.935,-5135574.764,-0.003762554723,-0.009204286923,-3036239.829,-0.005441732199,1.880309472,1.880309472,0.144355,0.144355,0,0,-468416883.3,-468416883.3,0,-477665179.1,9,27.50319076
893,0,-472406703.7,-469611556.5,-3989820.387,-1194673.209,-0.007150796804,-0.0021411654,2795147.178,0.005009631405,1.464622257,19.53537774,1,118.884435,0,0,-468416883.3,-468416883.3,0,-477665179.1,10,27.51748991
894,0,-468416883.3,-466661458.9,2.980232239e-07,1755424.379,5.341352017e-16,0.003146177477,1755424.379,0.003146177477,2.391923925,2.391923925,0.1218,0.277325,0,0,-468416883.3,-468416883.3,0,-477665179.1,11,27.53595972
895,0,-468416883.3,-471209314.6,2.980232239e-07,-2792431.276,5.341352017e-16,-0.005004763802,-2792431.276,-0.005004763802,1.686154883,1.686154883,0.08046,0.131975,0,0,-468416883.3,-468416883.3,0,-477665179.1,12,27.55465245
896,0,-468416883.3,-469470267.1,2.980232239e-07,-1053383.762,5.341352017e-16,-0.00188793793,-1053383.762,-0.00188793793,1.246437925,24.75356208,1,131.742745,0,0,-468416883.3,-468416883.3,0,-477665179.1,13,27.56927681
897,0,-468416883.3,-467473376,5.960464478e-08,943507.3202,1.068270403e-16,0.001691010741,943507.3202,0.001691010741,1.237972399,1.237972399,0.05934,0.11005,0,0,-468416883.3,-468416883.3,0,-477665179.1,14,27.59006715
898,0,-468416883.3,-488262901.8,1.788139343e-07,-19846018.5,3.20481121e-16,-0.03556923167,-19846018.5,-0.03556923167,0.9948079875,11.00519201,1,56.546635,0,0,-468416883.3,-468416883.3,0,-477665179.1,15,27.60915518
899,0,-478490816.6,-478473437.9,-10073933.29,-10056554.56,-0.018055111,-0.0180239638,17378.72564,3.114720055e-05,0.3850085179,0.3850085179,0.03955,0.03955,0,0,-468416883.3,-468416883.3,0,-477665179.1,16,27.62653422
900,0,-478490816.6,-484407157.1,-10073933.29,-15990273.75,-0.018055111,-0.02865873332,-5916340.465,-0.01060362232,0.3850085179,15.61499148,1,102.24951,0,0,-468416883.3,-468416883.3,0,-477665179.1,17,27.64069629
901,0,-474033995.7,-473987400.9,-5617112.382,-5570517.616,-0.01006732769,-0.009983817742,46594.76643,8.350995147e-05,1.322222514,1.322222514,0.048815,0.048815,0,0,-468416883.3,-468416883.3,0,-477665179.1,18,27.65894222
902,0,-473958024.6,-489374683,-5541141.317,-20957799.69,-0.009931167767,-0.03756183299,-15416658.37,-0.02763066523,0.4752007788,12.52479922,1,77.690755,0,0,-468416883.3,-468416883.3,0,-477665179.1,19,27.67709613
903,0,-478497238.6,-679431903,-10080355.29,-211015019.7,-0.0180666209,-0.3781938489,-200934664.4,-0.3601272279,0.3850085179,321.3850085,1.923245,2109.985385,0,0,-468416883.3,-468416883.3,0,-477665179.1,20,27.69408798
904,0,-468416883.3,-471449221.1,1.192092896e-07,-3032337.781,2.136540807e-16,-0.005434738713,-3032337.781,-0.005434738713,4.624650255,4.624650255,0.109115,0.287045,0,0,-468416883.3,-468416883.3,0,-477665179.1,21,27.75418329
905,0,-471864838.4,-471285119.1,-3447955.028,-2868235.808,-0.006179633018,-0.005140625257,579719.2198,0.00103900776,1.705145833,1.705145833,0.08256,0.17867,0,0,-468416883.3,-468416883.3,0,-477665179.1,22,27.89738202
906,0,-471834911.7,-460219534.5,-3418028.358,8197348.804,-0.006125996634,0.01469178307,11615377.16,0.02081777971,1.244828101,25.7551719,1,106.118245,0,0,-468416883.3,-468416883.3,0,-477665179.1,23,27.91475105
907,0,-468416883.3,-467156769.9,5.960464478e-08,1260113.463,1.068270403e-16,0.002258451371,1260113.463,0.002258451371,1.539853423,1.539853423,0.04675,0.09634,0,0,-468416883.3,-468416883.3,0,-477665179.1,24,27.93599343
908,0,-468416883.3,-480289589.6,0,-11872706.27,0,-0.02127898047,-11872706.27,-0.02127898047,0.9978812125,26.00211879,1,125.328795,0,0,-468416883.3,-468416883.3,0,-477665179.1,25,27.96451306
909,0,-468416883.3,-470299391.6,0,-1882508.266,0,-0.003373944886,-1882508.266,-0.003373944886,1.119744928,1.119744928,0.023425,0.02716,0,0,-468416883.3,-468416883.3,0,-477665179.1,26,27.99053955
910,0,-470250530.7,-474767346.7,-1833647.358,-6350463.335,-0.00328637342,-0.01138168351,-4516815.977,-0.008095310094,0.2674187507,28.73258125,1,165.78379,0,0,-468416883.3,-468416883.3,0,-477665179.1,27,28.00979424
911,0,-470798857.6,-472586231.9,-2381974.292,-4169348.586,-0.004269118031,-0.007472558074,-1787374.294,-0.003203440043,1.170910372,1.170910372,0.04675,0.04675,0,0,-468416883.3,-468416883.3,0,-477665179.1,28,28.02689362
912,0,-472677038.3,-487123481.4,-4260154.978,-18706598.08,-0.007635306768,-0.03352709365,-14446443.1,-0.02589178688,0.3677916765,16.63220832,1,111.44825,0,0,-468416883.3,-468416883.3,0,-477665179.1,29,28.04132891
913,0,-473605032.6,-476496459.2,-5188149.264,-8079575.908,-0.009298514114,-0.01448070338,-2891426.644,-0.005182189271,0.814103923,0.814103923,0.14368,0.147415,0,0,-468416883.3,-468416883.3,0,-477665179.1,30,28.05757141
914,0,-473380458.4,-471948603.6,-4963575.107,-3531720.252,-0.008896018761,-0.006329762106,1431854.855,0.002566256655,0.3401059938,0.3401059938,0.003735,0.003735,0,0,-468416883.3,-468416883.3,0,-477665179.1,31,28.07430363
915,0,-471967339.6,-486495317,-3550456.322,-18078433.7,-0.00636334202,-0.03240125955,-14527977.37,-0.02603791753,0.02938399811,16.970616,1,116.139305,0,0,-468416883.3,-468416883.3,0,-477665179.1,32,28.09084249
916,0,-473973170.3,-477134087.6,-5556287.005,-8717204.241,-0.009958312784,-0.01562349935,-3160917.236,-0.005665186569,1.123127603,1.123127603,0.14368,0.19043,0,0,-468416883.3,-468416883.3,0,-477665179.1,33,28.10735202
917,0,-473764836.3,-488573227.5,-5347952.977,-20156344.15,-0.00958492397,-0.03612541602,-14808391.17,-0.02654049205,0.6785136722,352.3214863,1,2162.94202,0,0,-468416883.3,-468416883.3,0,-477665179.1,34,28.12415624
918,0,-468416883.3,-459135450.6,4.172325134e-07,9281432.726,7.477892823e-16,0.01663474368,9281432.726,0.01663474368,13.25705099,13.25705099,0.50537,1.016,0,0,-468416883.3,-468416883.3,0,-477665179.1,35,28.22601604
919,0,-468416883.3,-461008405.3,2.384185791e-07,7408478.001,4.273081613e-16,0.01327792123,7408478.001,0.01327792123,3.6429803,3.6429803,0.09958,0.322825,0,0,-468416883.3,-468416883.3,0,-477665179.1,36,28.42312026
920,0,-468416883.3,-465003943,2.384185791e-07,3412940.368,4.273081613e-16,0.006116877631,3412940.368,0.006116877631,2.618332254,2.618332254,0.07023,0.137,0,0,-468416883.3,-468416883.3,0,-477665179.1,37,28.4711163
921,0,-468416883.3,-464663061.4,2.980232239e-07,3753821.886,5.341352017e-16,0.006727826054,3753821.886,0.006727826054,1.185919126,1.185919126,0.05988,0.06677,0,0,-468416883.3,-468416883.3,0,-477665179.1,38,28.50850844
922,0,-468416883.3,-492987534.3,2.384185791e-07,-24570650.99,4.273081613e-16,-0.04403700306,-24570650.99,-0.04403700306,0.8010477187,12.19895228,1,52.842155,0,0,-468416883.3,-468416883.3,0,-477665179.1,39,28.52958083
923,0,-475710748.9,-476900074.5,-7293865.559,-8483191.187,-0.0130725059,-0.01520408704,-1189325.627,-0.002131581141,1.593061188,1.593061188,0.1746,0.24259,0,0,-468416883.3,-468416883.3,0,-477665179.1,40,28.55057335
924,0,-473056744.9,-472352218.9,-4639861.595,-3935335.531,-0.008315839875,-0.007053145759,704526.0637,0.001262694116,0.2248126182,0.2248126182,0.00689,0.00689,0,0,-468416883.3,-468416883.3,0,-477665179.1,41,28.56765509
925,0,-472318222.9,-472548023.7,-3901339.58,-4131140.427,-0.006992216165,-0.007404079106,-229800.8466,-0.0004118629412,0.06242355606,19.93757644,1,119.571515,0,0,-468416883.3,-468416883.3,0,-477665179.1,42,28.58194995
926,0,-468416883.3,-467954629.2,2.384185791e-07,462254.1296,4.273081613e-16,0.000828479739,462254.1296,0.000828479739,2.026402438,2.026402438,0.09771,0.11718,0,0,-468416883.3,-468416883.3,0,-477665179.1,43,28.59906507
927,0,-468416883.3,-479069338.6,2.980232239e-07,-10652455.3,5.341352017e-16,-0.01909197305,-10652455.3,-0.01909197305,0.7368308562,22.26316914,1,118.68927,0,0,-468416883.3,-468416883.3,0,-477665179.1,44,28.62118769
928,0,-471791927.2,-473034303.4,-3375043.871,-4617420.07,-0.006048957243,-0.008275618819,-1242376.199,-0.002226661576,2.027779409,2.027779409,0.08828,0.09615,0,0,-468416883.3,-468416883.3,0,-477665179.1,45,28.64399028
929,0,-471042527,-469890511.6,-2625643.645,-1473628.309,-0.004705836947,-0.00264112556,1152015.336,0.002064711387,0.4837955416,0.4837955416,0.036705,0.055255,0,0,-468416883.3,-468416883.3,0,-477665179.1,46,28.66294003
930,0,-470164444.3,-469323286.9,-1747561.013,-906403.6271,-0.003132084278,-0.001624511264,841157.3855,0.001507573014,0.3943054869,23.60569451,1,125.840305,0,0,-468416883.3,-468416883.3,0,-477665179.1,47,28.68020439
931,0,-468416883.3,-468986102.8,1.788139343e-07,-569219.461,3.20481121e-16,-0.001020189459,-569219.461,-0.001020189459,1.736527987,1.736527987,0.08828,0.09517,0,0,-468416883.3,-468416883.3,0,-477665179.1,48,28.70016193
932,0,-468416883.3,-472629908.2,4.172325134e-07,-4213024.877,7.477892823e-16,-0.007550837359,-4213024.877,-0.007550837359,0.8421994082,22.15780059,1,117.173955,0,0,-468416883.3,-468416883.3,0,-477665179.1,49,28.72993565
933,0,-468416883.3,-470390710.8,2.384185791e-07,-1973827.459,4.273081613e-16,-0.003537612654,-1973827.459,-0.003537612654,1.449498793,1.449498793,0.074025,0.184735,0,0,-468416883.3,-468416883.3,0,-477665179.1,50,28.75193095
934,0,-468416883.3,-478750187.3,2.980232239e-07,-10333304,5.341352017e-16,-0.01851997084,-10333304,-0.01851997084,1.081169809,26.91883019,1,163.23498,0,0,-468416883.3,-468416883.3,0,-477665179.1,51,28.77056122
935,0,-468416883.3,-465933970.6,3.576278687e-07,2482912.706,6.40962242e-16,0.004450025947,2482912.706,0.004450025947,0.9570823147,0.9570823147,0.04996,0.087455,0,0,-468416883.3,-468416883.3,0,-477665179.1,52,28.79142118
936,0,-468416883.3,-485083438.4,2.384185791e-07,-16666555.1,4.273081613e-16,-0.02987080556,-16666555.1,-0.02987080556,0.6304042824,24.36959572,1,131.51212,0,0,-468416883.3,-468416883.3,0,-477665179.1,53,28.81216121
937,0,-472089764.3,-473472125.8,-3672880.973,-5055242.444,-0.006582758866,-0.009060310492,-1382361.471,-0.002477551626,2.040818355,2.040818355,0.08828,0.09615,0,0,-468416883.3,-468416883.3,0,-477665179.1,54,28.83575606
938,0,-471480349.3,-470328334,-3063466.019,-1911450.683,-0.00549052862,-0.003425817232,1152015.336,0.002064711387,0.4837955416,0.4837955416,0.036705,0.055255,0,0,-468416883.3,-468416883.3,0,-477665179.1,55,28.85567617
939,0,-470602266.7,-464220410.6,-2185383.387,4196472.757,-0.00391677595,0.00752117165,6381856.144,0.0114379476,0.3943054869,22.60569451,1,120.11971,0,0,-468416883.3,-468416883.3,0,-477665179.1,56,28.87255907
940,0,-468416883.3,-469423925.2,1.788139343e-07,-1007041.835,3.20481121e-16,-0.001804881132,-1007041.835,-0.001804881132,1.70955676,1.70955676,0.08828,0.09517,0,0,-468416883.3,-468416883.3,0,-477665179.1,57,28.89237523
941,0,-468416883.3,-472211085.8,2.980232239e-07,-3794202.524,5.341352017e-16,-0.00680019867,-3794202.524,-0.00680019867,0.8391904323,11.16080957,1,40.56303,0,0,-468416883.3,-468416883.3,0,-477665179.1,58,28.91807485
942,0,-468416883.3,-468846904.9,2.384185791e-07,-430021.5494,4.273081613e-16,-0.0007707105642,-430021.5494,-0.0007707105642,1.43649655,1.43649655,0.07557,0.13417,0,0,-468416883.3,-468416883.3,0,-477665179.1,59,28.93777895
943,0,-468416883.3,-467487001,2.980232239e-07,929882.2908,5.341352017e-16,0.001666591142,929882.2908,0.001666591142,1.06847845,12.93152155,1,67.56759,0,0,-468416883.3,-468416883.3,0,-477665179.1,60,28.9545269
944,0,-468416883.3,-473145086.4,3.576278687e-07,-4728203.072,6.40962242e-16,-0.0084741708,-4728203.072,-0.0084741708,1.724400384,1.724400384,0.04996,0.086475,0,0,-468416883.3,-468416883.3,0,-477665179.1,61,28.97657204
945,0,-471904844.6,-479926595.3,-3487961.319,-11509711.98,-0.006251334707,-0.02062840019,-8021750.66,-0.01437706549,0.3319961298,26.66800387,1,153.703355,0,0,-468416883.3,-468416883.3,0,-477665179.1,62,29.00018668
946,0,-474118367.7,-471526755.8,-5701484.375,-3109872.493,-0.01021854427,-0.005573701102,2591611.882,0.004644843167,1.12810813,1.12810813,0.07528,0.08315,0,0,-468416883.3,-468416883.3,0,-477665179.1,63,29.0171411
947,0,-473155151.8,-465587676.4,-4738268.474,2829206.918,-0.00849221062,0.005070675325,7567475.392,0.01356288595,0.4318166293,20.56818337,1,120.007715,0,0,-468416883.3,-468416883.3,0,-477665179.1,64,29.03416705
948,0,-468416883.3,-467478555.2,2.384185791e-07,938328.1155,4.273081613e-16,0.001681728258,938328.1155,0.001681728258,0.7503381973,0.7503381973,0.036,0.04289,0,0,-468416883.3,-468416883.3,0,-477665179.1,65,29.05144978
949,0,-468641897.4,-470853294.2,-225014.0643,-2436410.91,-0.0004032837811,-0.004366682623,-2211396.846,-0.003963398841,0.2457976392,16.75420236,1,112.33531,0,0,-468416883.3,-468416883.3,0,-477665179.1,66,29.08198094
950,0,-470442055,-469593564.4,-2025171.674,-1176681.061,-0.003629634854,-0.002108918788,848490.613,0.001520716066,0.6673270458,0.6673270458,0.04786,0.05573,0,0,-468416883.3,-468416883.3,0,-477665179.1,67,29.0989995
951,0,-470541014.3,-474697584.1,-2124130.929,-6280700.759,-0.003806995601,-0.01125665082,-4156569.83,-0.007449655217,0.300572073,25.69942793,1,162.62858,0,0,-468416883.3,-468416883.3,0,-477665179.1,68,29.11571121
952,0,-473141710.1,-615342231.6,-4724826.813,-146925348.3,-0.008468119665,-0.2633284733,-142200521.5,-0.2548603536,0.6992591471,347.6992591,1.303585,2183.05031,0,0,-468416883.3,-468416883.3,0,-477665179.1,69,29.13287282
953,0,-468416883.3,-464944225,2.980232239e-07,3472658.273,5.341352017e-16,0.006223907664,3472658.273,0.006223907664,9.691243904,9.691243904,0.24933,0.422505,0,0,-468416883.3,-468416883.3,0,-477665179.1,70,29.20239139
954,0,-468416883.3,-471932182,4.172325134e-07,-3515298.692,7.477892823e-16,-0.006300330395,-3515298.692,-0.006300330395,1.561508118,1.561508118,0.0984,0.227755,0,0,-468416883.3,-468416883.3,0,-477665179.1,71,29.37825346
955,0,-468416883.3,-466672926.4,2.980232239e-07,1743956.941,5.341352017e-16,0.003125624844,1743956.941,0.003125624844,1.556473277,25.44352672,1,101.77448,0,0,-468416883.3,-468416883.3,0,-477665179.1,72,29.39523506
956,0,-474173539.8,-476024880.6,-5756656.494,-7607997.242,-0.01031742707,-0.01363551165,-1851340.748,-0.003318084581,1.360569228,1.360569228,0.09399,0.159445,0,0,-468416883.3,-468416883.3,0,-477665179.1,73,29.42661428
957,0,-476638750,-473344248.4,-8221866.702,-4927365.082,-0.01473572553,-0.008831120969,3294501.62,0.005904604562,1.055168731,17.94483127,1,106.0105,0,0,-468416883.3,-468416883.3,0,-477665179.1,74,29.44440031
958,0,-470319576.3,-469521525.5,-1902693.001,-1104642.155,-0.003410121186,-0.001979806313,798050.8462,0.001430314873,1.801515769,1.801515769,0.16867,0.307105,0,0,-468416883.3,-468416883.3,0,-477665179.1,75,29.46183014
959,0,-470145951.5,-481244325.4,-1729068.136,-12827442.09,-0.003098940229,-0.02299011559,-11098373.95,-0.01989117536,1.71097619,14.28902381,1,84.77031,0,0,-468416883.3,-468416883.3,0,-477665179.1,76,29.47901607
960,0,-472471365.4,-474276832.9,-4054482.1,-5859949.552,-0.007266687428,-0.01050255512,-1805467.452,-0.003235867691,1.290234313,1.290234313,0.12268,0.245615,0,0,-468416883.3,-468416883.3,0,-477665179.1,77,29.49639273
961,0,-472390143.7,-460330038.7,-3973260.422,8086844.581,-0.007121117036,0.01449373074,12060105,0.02161484778,1.158377414,20.84162259,1,119.422845,0,0,-468416883.3,-468416883.3,0,-477665179.1,78,29.51358747
962,0,-470422181.9,-468205800.2,-2005298.598,211083.1569,-0.003594017127,0.0003783159685,2216381.755,0.003972333096,0.8401206123,0.8401206123,0.10109,0.138815,0,0,-468416883.3,-468416883.3,0,-477665179.1,79,29.53025794
963,0,-470422181.9,-482767409.8,-2005298.598,-14350526.51,-0.003594017127,-0.02571987938,-12345227.91,-0.02212586225,0.8401206123,16.15987939,1,115.104655,0,0,-468416883.3,-468416883.3,0,-477665179.1,80,29.54678369
964,0,-474538092,-477101030.6,-6121208.664,-8684147.289,-0.01097079946,-0.01556425269,-2562938.625,-0.004593453227,0.9189290613,0.9189290613,0.12268,0.193875,0,0,-468416883.3,-468416883.3,0,-477665179.1,81,29.56382704
965,0,-474538092,-472792854.5,-6121208.664,-4375971.14,-0.01097079946,-0.007842879481,1745237.524,0.003127919981,0.9189290613,11.08107094,1,61.09716,0,0,-468416883.3,-468416883.3,0,-477665179.1,82,29.57820368
966,0,-470422181.9,-589916063.4,-2005298.598,-121499180,-0.003594017127,-0.2177581606,-119493881.4,-0.2141641434,0.8401206123,344.8701998,1.148785,2236.00244,0,0,-468416883.3,-468416883.3,0,-477665179.1,83,29.59526348
967,0,-468416883.3,-478152812,1.788139343e-07,-9735928.691,3.20481121e-16,-0.01744931877,-9735928.691,-0.01744931877,7.248573582,7.248573582,0.19312,0.48089,0,0,-468416883.3,-468416883.3,0,-477665179.1,84,29.67055058
968,0,-478398711.9,-478504686.9,-9981828.625,-10087803.59,-0.01789003547,-0.0180799702,-105974.97,-0.0001899347347,0.3430799039,0.3430799039,0.02315,0.03318,0,0,-468416883.3,-468416883.3,0,-477665179.1,85,29.80370283
969,0,-478300287.1,-482927469.5,-9883403.74,-14510586.22,-0.01771363245,-0.02600674806,-4627182.484,-0.008293115607,0.1983056318,17.80169437,1,113.833755,0,0,-468416883.3,-468416883.3,0,-477665179.1,86,29.82006931
970,0,-485356226.4,-485629831,-16939343.04,-17212947.67,-0.03035971255,-0.03085008327,-273604.632,-0.0004903707282,0.06350958884,0.06350958884,0.01323,0.01323,0,0,-468416883.3,-468416883.3,0,-477665179.1,87,29.83716106
971,0,-485356226.4,-483846596.5,-16939343.04,-15429713.18,-0.03035971255,-0.02765406283,1509629.86,0.002705649712,0.06350958884,11.93649041,1,80.08036,0,0,-468416883.3,-468416883.3,0,-477665179.1,88,29.85409689
972,0,-478656060.6,-478303271.1,-10239177.24,-9886387.754,-0.01835127118,-0.01771898058,352789.4849,0.0006322905987,0.1080489176,0.1080489176,0.02315,0.02315,0,0,-468416883.3,-468416883.3,0,-477665179.1,89,29.87055421
973,0,-478117234.2,-484743479.7,-9700350.857,-16326596.41,-0.01738555403,-0.02926151108,-6626245.557,-0.01187595705,0.1071362458,28.89286375,1,176.92126,0,0,-468416883.3,-468416883.3,0,-477665179.1,90,29.88695574
974,0,-484456055.9,-485657498.9,-16039172.59,-17240615.59,-0.02874637276,-0.03089967139,-1201442.996,-0.002153298621,0.3306229615,0.3306229615,0.01138,0.01138,0,0,-468416883.3,-468416883.3,0,-477665179.1,91,29.90340567
975,0,-485422153.4,-482467249.2,-17005270.11,-14050365.83,-0.03047787102,-0.0251819133,2954904.277,0.005295957715,0.05462880734,28.94537119,1,176.226065,0,0,-468416883.3,-468416883.3,0,-477665179.1,92,29.92002273
976,0,-484779894.8,-486093417.5,-16363011.51,-17676534.18,-0.02932677642,-0.03168095099,-1313522.665,-0.002354174566,0.4031377268,0.4031377268,0.08711,0.08711,0,0,-468416883.3,-468416883.3,0,-477665179.1,93,29.93701148
977,0,-484779894.8,-484956582.3,-16363011.51,-16539698.97,-0.02932677642,-0.02964344634,-176687.4557,-0.0003166699176,0.4031377268,26.59686227,1,176.07557,0,0,-468416883.3,-468416883.3,0,-477665179.1,94,29.95361567
978,0,-480513886.6,-479303758.9,-12097003.31,-10886875.61,-0.02168097914,-0.01951211527,1210127.699,0.002168863869,0.3786381058,0.3786381058,0.02315,0.02315,0,0,-468416883.3,-468416883.3,0,-477665179.1,95,29.97055697
979,0,-479117722,-477575317.5,-10700838.71,-9158434.131,-0.01917868872,-0.01641429818,1542404.581,0.002764390544,0.1071362458,29.89286375,1,178.2347,0,0,-468416883.3,-468416883.3,0,-477665179.1,96,29.99118686
980,0,-478547747.9,-477196306.3,-10130864.55,-8779422.975,-0.01815714665,-0.01573501152,1351441.578,0.00242213513,0.4452029285,0.4452029285,0.06633,0.08948,0,0,-468416883.3,-468416883.3,0,-477665179.1,97,30.00855827
981,0,-478547747.9,-479682770.1,-10130864.55,-11265886.76,-0.01815714665,-0.02019140193,-1135022.21,-0.00203425528,0.4452029285,29.55479707,1,176.868855,0,0,-468416883.3,-468416883.3,0,-477665179.1,98,30.02530646
982,0,-481635596.2,-482562006.9,-13218712.83,-14145123.54,-0.02369137463,-0.02535174379,-926410.7093,-0.001660369164,0.2960477601,0.2960477601,0.04496,0.04496,0,0,-468416883.3,-468416883.3,0,-477665179.1,99,30.04233646
983,0,-481884059.7,-476441172.7,-13467176.36,-8024289.408,-0.02413668595,-0.01438161559,5442886.951,0.009755070365,0.2080710848,11.79192892,1,74.10217,0,0,-468416883.3,-468416883.3,0,-477665179.1,100,30.05918288
984,0,-475854552,-475235446.9,-7437668.692,-6818563.626,-0.01333023855,-0.0122206411,619105.0658,0.00110959745,0.3050419044,0.3050419044,0.03706,0.06021,0,0,-468416883.3,-468416883.3,0,-477665179.1,101,30.07577419
985,0,-475854552,-481642477.1,-7437668.692,-13225593.79,-0.01333023855,-0.0237037071,-5787925.101,-0.01037346855,0.3050419044,26.6949581,1,167.906775,0,0,-468416883.3,-468416883.3,0,-477665179.1,102,30.09249496
986,0,-485369526.7,-489043054,-16952643.39,-20626170.63,-0.03038355024,-0.03696746738,-3673527.24,-0.006583917144,0.9422672246,0.9422672246,0.13424,0.214285,0,0,-468416883.3,-468416883.3,0,-477665179.1,103,30.10937977
987,0,-487861265.1,-477135159.5,-19444381.77,-8718276.206,-0.03484939409,-0.01562542059,10726105.56,0.0192239735,0.7414993834,27.25850062,1,178.42588,0,0,-468416883.3,-468416883.3,0,-477665179.1,104,30.12845826
988,0,-476512976.8,-482447550.7,-8096093.428,-14030667.37,-0.01451030708,-0.02514660853,-5934573.941,-0.01063630145,1.168515837,1.168515837,0.06512,0.102855,0,0,-468416883.3,-468416883.3,0,-477665179.1,105,30.14587736
989,0,-483475530.4,-474240420.7,-15058647.09,-5823537.371,-0.02698901581,-0.01043729501,9235109.718,0.01655172079,0.4374303733,11.56256963,1,41.834675,0,0,-468416883.3,-468416883.3,0,-477665179.1,106,30.16316915
990,0,-468486958.7,-464795006.4,-70075.39193,3621876.935,-0.0001255933451,0.006491346351,3691952.327,0.006616939696,0.7987148905,0.7987148905,0.03706,0.06547,0,0,-468416883.3,-468416883.3,0,-477665179.1,107,30.18044996
991,0,-468416883.3,-482817512.4,4.172325134e-07,-14400629.11,7.477892823e-16,-0.02580967628,-14400629.11,-0.02580967628,0.6493566451,27.35064335,1,156.406035,0,0,-468416883.3,-468416883.3,0,-477665179.1,108,30.19863987
992,0,-485447990.1,-492186845.7,-17031106.8,-23769962.39,-0.0305241771,-0.04260196064,-6738855.589,-0.01207778354,1.288940194,1.288940194,0.06512,0.080515,0,0,-468416883.3,-468416883.3,0,-477665179.1,109,30.21638608
993,0,-492368167,-469513367.1,-23951283.69,-1096483.805,-0.04292693561,-0.001965184427,22854799.88,0.04096175118,0.4457937308,29.55420627,1.01013,167.651985,0,0,-468416883.3,-468416883.3,0,-477665179.1,110,30.23389077
994,0,-468416883.3,-462361502.3,4.768371582e-07,6055380.975,8.546163227e-16,0.01085281911,6055380.975,0.01085281911,1.094799202,1.094799202,0.02705,0.06547,0,0,-468416883.3,-468416883.3,0,-477665179.1,111,30.25229836
995,0,-468416883.3,-505800840.3,4.768371582e-07,-37383956.94,8.546163227e-16,-0.06700178301,-37383956.94,-0.06700178301,0.9426357972,19.0573642,1,96.459355,0,0,-468416883.3,-468416883.3,0,-477665179.1,112,30.27127504
996,0,-503041430.7,-507953023,-34624547.4,-39536139.65,-0.06205620276,-0.07085905471,-4911592.249,-0.008802851947,1.163181789,1.163181789,0.11186,0.17465,0,0,-468416883.3,-468416883.3,0,-477665179.1,113,30.28988767
997,0,-503005091.4,-484087948.8,-34588208.08,-15671065.44,-0.06199107324,-0.02808662892,18917142.64,0.03390444432,1.097827064,19.90217294,1,104.57872,0,0,-468416883.3,-468416883.3,0,-477665179.1,114,30.30737996
998,0,-478503079.3,-475750928.9,-10086195.93,-7334045.565,-0.01807708885,-0.01314451893,2752150.366,0.004932569924,1.961664316,1.961664316,0.05206,0.10025,0,0,-468416883.3,-468416883.3,0,-477665179.1,115,30.32539439
999,0,-477321217.3,-494123262.9,-8904333.93,-25706379.62,-0.01595888447,-0.04607252443,-16802045.69,-0.03011363996,0.5523204671,11.44767953,1,66.69696,0,0,-468416883.3,-468416883.3,0,-477665179.1,116,30.34295964
1000,0,-487654746.6,-487625081.5,-19237863.29,-19208198.17,-0.03447925921,-0.03442609159,29665.11737,5.316761306e-05,0.3980693678,0.3980693678,0.02315,0.053095,0,0,-468416883.3,-468416883.3,0,-477665179.1,117,30.35965633
1001,0,-487669951.4,-488071770,-19253068.11,-19654886.66,-0.03450651021,-0.03522667367,-401818.5566,-0.0007201634591,0.3225796619,16.67742034,1,112.384365,0,0,-468416883.3,-468416883.3,0,-477665179.1,118,30.37643409
1002,0,-480617943.2,-478575126.6,-12201059.85,-10158243.3,-0.02186747556,-0.0182062165,2042816.548,0.003661259061,0.6953657277,0.6953657277,0.05206,0.09304,0,0,-468416883.3,-468416883.3,0,-477665179.1,119,30.39336276
1003,0,-479424878.6,-490725734,-11007995.26,-22308850.67,-0.01972919322,-0.03998326808,-11300855.42,-0.02025407486,0.5189531957,29.4810468,1,168.22072,0,0,-468416883.3,-468416883.3,0,-477665179.1,120,30.41048861
1004,0,-487153101.4,-490875811.5,-18736218.06,-22458928.21,-0.03358018036,-0.04025224609,-3722710.151,-0.006672065725,1.781686951,1.781686951,0.19241,0.28852,0,0,-468416883.3,-468416883.3,0,-477665179.1,121,30.42773247
1005,0,-487331122.9,-477787466.8,-18914239.55,-9370583.514,-0.03389924123,-0.0167945251,9543656.04,0.01710471613,1.226221607,18.77377839,1,109.881275,0,0,-468416883.3,-468416883.3,0,-477665179.1,122,30.44577646
1006,0,-485485764.8,-485083841.6,-17068881.48,-16666958.31,-0.03059187916,-0.0298715282,401923.1736,0.0007203509598,0.334559779,0.334559779,0.02315,0.04098,0,0,-468416883.3,-468416883.3,0,-477665179.1,123,30.46256638
1007,0,-485449425.5,-503372883.3,-17032542.16,-34956000.01,-0.03052674964,-0.06265025212,-17923457.84,-0.03212350248,0.2692050546,14.73079495,1,88.76831,0,0,-468416883.3,-468416883.3,0,-477665179.1,124,30.47954178
1008,0,-492838737.3,-496958257.2,-24421854.01,-28541373.88,-0.04377032014,-0.05115357217,-4119519.866,-0.007383252036,1.641183434,1.641183434,0.19241,0.25816,0,0,-468416883.3,-468416883.3,0,-477665179.1,125,30.49629211
1009,0,-493016758.8,-495274058.2,-24599875.51,-26857174.92,-0.04408938101,-0.04813504919,-2257299.411,-0.004045668189,1.08571809,9.91428191,1,66.307965,0,0,-468416883.3,-468416883.3,0,-477665179.1,126,30.51334
1010,0,-487053517.7,-488342089.6,-18636634.34,-19925206.24,-0.03340170042,-0.03571115672,-1288571.901,-0.002309456302,0.6391229038,0.6391229038,0.08896,0.10679,0,0,-468416883.3,-468416883.3,0,-477665179.1,127,30.53037357
1011,0,-487017178.3,-479271909,-18600295.02,-10855025.66,-0.0333365709,-0.01945503188,7745269.359,0.01388153902,0.5737681794,21.42623182,1,119.76297,0,0,-468416883.3,-468416883.3,0,-477665179.1,128,30.54718161
1012,0,-473129849.3,-473156479.7,-4712965.962,-4739596.335,-0.008446861932,-0.008494590494,-26630.37356,-4.772856211e-05,0.879299206,0.879299206,0.02315,0.05236,0,0,-468416883.3,-468416883.3,0,-477665179.1,129,30.5644207
1013,0,-473307870.8,-472548354.1,-4890987.46,-4131470.782,-0.008765922801,-0.007404671188,759516.6783,0.001361251613,0.323833862,16.67616614,1,113.84239,0,0,-468416883.3,-468416883.3,0,-477665179.1,130,30.58171463
1014,0,-470758971.1,-469088167.7,-2342087.809,-671284.3536,-0.004197631069,-0.001203116317,1670803.455,0.002994514752,0.6464533326,0.6464533326,0.04178,0.08276,0,0,-468416883.3,-468416883.3,0,-477665179.1,131,30.5985651
1015,0,-469618577.6,-472715101.4,-1201694.299,-4298218.101,-0.002153749022,-0.007703525794,-3096523.802,-0.005549776772,0.4698967637,12.53010324,1,65.501185,0,0,-468416883.3,-468416883.3,0,-477665179.1,132,30.61590266
1016,0,-470353384.8,-470332281.9,-1936501.489,-1915398.598,-0.003470714798,-0.003432892925,21102.89025,3.782187305e-05,0.9126664773,0.9126664773,0.03036,0.05957,0,0,-468416883.3,-468416883.3,0,-477665179.1,133,30.63287258
1017,0,-470531406.3,-470412616.1,-2114522.987,-1995732.803,-0.003789775667,-0.003576872733,118790.1837,0.0002129029338,0.3572011333,16.64279887,1,106.583385,0,0,-468416883.3,-468416883.3,0,-477665179.1,134,30.64993906
1018,0,-469654916.9,-509574858.4,-1238033.617,-41157975.05,-0.00221887854,-0.07376580596,-39919941.44,-0.07154692742,0.5352514881,321.0804044,1.364595,2136.30188,0,0,-468416883.3,-468416883.3,0,-477665179.1,135,30.66691089
1019,0,-468416883.3,-472463708.3,2.980232239e-07,-4046825.006,5.341352017e-16,-0.007252963922,-4046825.006,-0.007252963922,8.618715695,8.618715695,0.05479,0.197275,0,0,-468416883.3,-468416883.3,0,-477665179.1,136,30.72835732
1020,0,-473103237,-462694712.1,-4686353.706,5722171.261,-0.008399165841,0.01025562056,10408524.97,0.0186547864,1.811172349,26.18882765,1,86.325155,0,0,-468416883.3,-468416883.3,0,-477665179.1,137,30.94573188
1021,0,-468416883.3,-468355668.7,5.960464478e-08,61214.59819,1.068270403e-16,0.000109712496,61214.59819,0.000109712496,1.39330941,1.39330941,0.073505,0.139815,0,0,-468416883.3,-468416883.3,0,-477665179.1,138,30.9670012
1022,0,-468416883.3,-467883616.9,5.960464478e-08,533266.4005,1.068270403e-16,0.0009557522151,533266.4005,0.0009557522151,0.657702441,0.657702441,0.06631,0.06631,0,0,-468416883.3,-468416883.3,0,-477665179.1,139,30.98761439
1023,0,-468416883.3,-467102108.1,5.960464478e-08,1314775.179,1.068270403e-16,0.002356419396,1314775.179,0.002356419396,0.3255833633,27.67441664,1,173.671575,0,0,-468416883.3,-468416883.3,0,-477665179.1,140,31.00417542
1024,0,-468416883.3,-470881768.6,5.960464478e-08,-2464885.242,1.068270403e-16,-0.004417716039,-2464885.242,-0.004417716039,0.4237287797,0.4237287797,0,0,1,0,-468416883.3,-468416883.3,0,-477665179.1,141,31.02076888
1025,0,-470881768.6,-471850237.9,-2464885.242,-3433354.546,-0.004417716039,-0.006153465153,-968469.3039,-0.001735749115,0,19,1,124.09715,0,0,-468416883.3,-468416883.3,0,-477665179.1,142,31.03866935
1026,0,-476111022.5,-476975196.8,-7694139.206,-8558313.453,-0.01378990047,-0.0153387257,-864174.2471,-0.001548825222,0.252493483,0.252493483,0.00329,0.00329,0,0,-468416883.3,-468416883.3,0,-477665179.1,143,31.05542374
1027,0,-476884919.4,-472048170.5,-8468036.112,-3631287.2,-0.0151769252,-0.006508211996,4836748.913,0.008668713204,0.02871606878,12.97128393,1,78.045545,0,0,-468416883.3,-468416883.3,0,-477665179.1,144,31.07502222
1028,0,-468416883.3,-465215237.4,0,3201645.945,0,0.005738183019,3201645.945,0.005738183019,0.4550671093,0.4550671093,0,0,1,0,-468416883.3,-468416883.3,0,-477665179.1,145,31.09195924
1029,0,-468416883.3,-474362891.9,0,-5946008.54,0,-0.01065679523,-5946008.54,-0.01065679523,0.4550671093,26.54493289,1,175.240085,0,0,-468416883.3,-468416883.3,0,-477665179.1,146,31.10608196
1030,0,-472814938.2,-474385904.7,-4398054.841,-5969021.406,-0.007882459221,-0.01069804028,-1570966.566,-0.002815581056,0.2136321768,0.2136321768,0.03479,0.03479,0,0,-468416883.3,-468416883.3,0,-477665179.1,147,31.12390542
1031,0,-472814938.2,-458025766.9,-4398054.841,10391116.44,-0.007882459221,0.01862358578,14789171.28,0.02650604501,0.2136321768,12.78636782,1,72,0,0,-468416883.3,-468416883.3,0,-477665179.1,148,31.1381166
1032,0,-468416883.3,-472250784.2,1.788139343e-07,-3833900.856,3.20481121e-16,-0.006871348415,-3833900.856,-0.006871348415,0.5656562364,0.5656562364,0.03479,0.03479,0,0,-468416883.3,-468416883.3,0,-477665179.1,149,31.15533304
1033,0,-470679817.6,-472284718.7,-2262934.29,-3867835.419,-0.004055767359,-0.006932167987,-1604901.129,-0.002876400628,0.2136321768,15.78636782,1,98.21367,0,0,-468416883.3,-468416883.3,0,-477665179.1,150,31.17286754
1034,0,-468439360.1,-469303534.3,-22476.73886,-886650.9859,-4.028416741e-05,-0.001589109389,-864174.2471,-0.001548825222,0.252493483,0.252493483,0.00329,0.00329,0,0,-468416883.3,-468416883.3,0,-477665179.1,151,31.18963385
1035,0,-469213257,-456425360.5,-796373.6455,11991522.81,-0.001427308893,0.02149193063,12787896.45,0.02291923952,0.02871606878,18.97128393,1,120.6703,0,0,-468416883.3,-468416883.3,0,-477665179.1,152,31.20696878
1036,0,-468416883.3,-546086690.6,1.788139343e-07,-77669807.31,3.20481121e-16,-0.1392045145,-77669807.31,-0.1392045145,0.4550671093,329.5449329,1.190345,2176.360385,0,0,-468416883.3,-468416883.3,0,-477665179.1,153,31.22415185
1037,0,-468416883.3,-457933828.2,0,10483055.13,0,0.01878836384,10483055.13,0.01878836384,5.073383164,5.073383164,0.17608,0.3082,0,0,-468416883.3,-468416883.3,0,-477665179.1,154,31.29949045
1038,0,-468416883.3,-471567387.5,5.36441803e-07,-3150504.15,9.61443363e-16,-0.005646523609,-3150504.15,-0.005646523609,1.766936356,1.766936356,0.065235,0.13212,0,0,-468416883.3,-468416883.3,0,-477665179.1,155,31.45809269
1039,0,-468416883.3,-455378368.7,6.556510925e-07,13038514.62,1.175097444e-15,0.02336841253,13038514.62,0.02336841253,1.181928847,28.81807115,1,156.1961,0,0,-468416883.3,-468416883.3,0,-477665179.1,156,31.47989464
1040,0,-468416883.3,-469896606.5,4.172325134e-07,-1479723.159,7.477892823e-16,-0.002652049118,-1479723.159,-0.002652049118,0.8351225208,0.8351225208,0.054165,0.061285,0,0,-468416883.3,-468416883.3,0,-477665179.1,157,31.50582409
1041,0,-469631358.7,-465098158.1,-1214475.373,3318725.243,-0.002176656033,0.005948019599,4533200.616,0.008124675633,0.5561892759,10.44381072,1,54.199045,0,0,-468416883.3,-468416883.3,0,-477665179.1,158,31.5309391
1042,0,-468416883.3,-466989001.7,6.556510925e-07,1427881.648,1.175097444e-15,0.002559135635,1427881.648,0.002559135635,1.041436235,1.041436235,0.072525,0.092855,0,0,-468416883.3,-468416883.3,0,-477665179.1,159,31.54983187
1043,0,-468416883.3,-482711495.8,6.556510925e-07,-14294612.51,1.175097444e-15,-0.02561966694,-14294612.51,-0.02561966694,1.041436235,20.95856377,1,121.141645,0,0,-468416883.3,-468416883.3,0,-477665179.1,160,31.56705308
1044,0,-479259828.8,-474119274.4,-10842945.46,-5702391.106,-0.01943338101,-0.01022016937,5140554.352,0.009213211642,2.433979285,2.433979285,0.02478,0.05223,0,0,-468416883.3,-468416883.3,0,-477665179.1,161,31.58907723
1045,0,-474350871.9,-473667175.7,-5933988.588,-5250292.421,-0.01063525235,-0.009409890829,683696.1672,0.001225361518,0.7054247701,14.29457523,1,57.191425,0,0,-468416883.3,-468416883.3,0,-477665179.1,162,31.60885501
1046,0,-469844034.3,-468206148.3,-1427151.007,210735.0059,-0.002557826136,0.0003776919913,1637886.013,0.002935518127,1.76234181,1.76234181,0.08829,0.227535,0,0,-468416883.3,-468416883.3,0,-477665179.1,163,31.62621832
1047,0,-469792419.3,-468144329.6,-1375535.985,272553.7156,-0.002465318578,0.0004884872124,1648089.7,0.002953805791,1.089570543,1.089570543,0.08829,0.146325,0,0,-468416883.3,-468416883.3,0,-477665179.1,164,31.64352727
1048,0,-469779471.8,-474728154.6,-1362588.508,-6311271.251,-0.00244211333,-0.0113114411,-4948682.743,-0.008869327768,0.8801278563,20.11987214,1,123.47305,0,0,-468416883.3,-468416883.3,0,-477665179.1,165,31.66055584
1049,0,-477370954.5,-476122868.9,-8954071.21,-7705985.588,-0.01604802662,-0.01381113228,1248085.622,0.002236894349,0.2711450658,0.2711450658,0,0,1,0,-468416883.3,-468416883.3,0,-477665179.1,166,31.67717028
1050,0,-476122868.9,-473224704,-7705985.588,-4807820.713,-0.01381113228,-0.008616866339,2898164.875,0.005194265936,0,10,1,64,0,0,-468416883.3,-468416883.3,0,-477665179.1,167,31.69400024
1051,0,-469432967.4,-467506701.3,-1016084.085,910182.0494,-0.001821087199,0.00163128318,1926266.135,0.003452370379,0.4235548093,0.4235548093,0.08829,0.08829,0,0,-468416883.3,-468416883.3,0,-477665179.1,168,31.71035719
1052,0,-469432967.4,-482836849.9,-1016084.085,-14419966.58,-0.001821087199,-0.02584433407,-13403882.49,-0.02402324687,0.4235548093,12.57644519,1,93.272135,0,0,-468416883.3,-468416883.3,0,-477665179.1,169,31.72685146
1053,0,-476122868.9,-628618680,-7705985.588,-160201796.7,-0.01381113228,-0.2871233251,-152495811.1,-0.2733121928,0,321,1.25007,2066.217415,0,0,-468416883.3,-468416883.3,0,-477665179.1,170,31.74327254
1054,0,-470467164.8,-471593590.1,-2050281.491,-3176706.775,-0.003674638182,-0.005693485534,-1126425.284,-0.002018847352,2.254506783,2.254506783,0.06519,0.17105,0,0,-468416883.3,-468416883.3,0,-477665179.1,171,31.78105664
1055,0,-470082380.1,-435718585.6,-1665496.737,32698297.74,-0.002985003732,0.05860386191,34363794.48,0.06158886564,1.55046372,21.44953628,1.45932,61.67698,0,0,-468416883.3,-468416883.3,0,-477665179.1,172,31.93061447
1056,0,-468416883.3,-472062056.3,2.980232239e-07,-3645172.972,5.341352017e-16,-0.006533098914,-3645172.972,-0.006533098914,2.153852663,2.153852663,0.118355,0.212425,0,0,-468416883.3,-468416883.3,0,-477665179.1,173,31.95638156
1057,0,-470385939.7,-471575630.3,-1969056.415,-3158747.011,-0.0035290617,-0.005661296961,-1189690.596,-0.002132235261,1.005631901,1.005631901,0.09407,0.11445,0,0,-468416883.3,-468416883.3,0,-477665179.1,174,31.99100518
1058,0,-469894870.4,-468015234.5,-1477987.093,401648.863,-0.002648937635,0.0007198593239,1879635.956,0.003368796959,0.6445769623,22.35542304,1,114.800395,0,0,-468416883.3,-468416883.3,0,-477665179.1,175,32.00777864
1059,0,-469937139.5,-471692221.2,-1520256.148,-3275337.874,-0.002724694787,-0.005870258141,-1755081.726,-0.003145563354,2.19626992,2.19626992,0.06519,0.12764,0,0,-468416883.3,-468416883.3,0,-477665179.1,176,32.02651739
1060,0,-470885545.1,-471134430.2,-2468661.82,-2717546.911,-0.004424484649,-0.004870551524,-248885.0906,-0.0004460668747,1.387822753,14.61217725,1,91.07349,0,0,-468416883.3,-468416883.3,0,-477665179.1,177,32.04384756
1061,0,-468416883.3,-468968304.9,1.788139343e-07,-551421.5743,3.20481121e-16,-0.0009882910128,-551421.5743,-0.0009882910128,0.8486427519,0.8486427519,0.09407,0.13717,0,0,-468416883.3,-468416883.3,0,-477665179.1,178,32.06068182
1062,0,-468416883.3,-456975083.1,1.788139343e-07,11441800.18,3.20481121e-16,0.02050668457,11441800.18,0.02050668457,0.8486427519,20.15135725,1,109.06699,0,0,-468416883.3,-468416883.3,0,-477665179.1,179,32.0776391
1063,0,-469596936,-581722980.3,-1180052.726,-113306096.9,-0.002114961688,-0.2030740227,-112126044.2,-0.200959061,2.083096214,312.6925493,1.11729,2127.426345,0,0,-468416883.3,-468416883.3,0,-477665179.1,180,32.09642673
1064,0,-468416883.3,-471333787.3,-1.192092896e-07,-2916903.994,-2.136540807e-16,-0.005227851315,-2916903.994,-0.005227851315,5.750284567,5.750284567,0.06032,0.16891,0,0,-468416883.3,-468416883.3,0,-477665179.1,181,32.15588236
1065,0,-472708097.5,-475489844.8,-4291214.194,-7072961.504,-0.00769097297,-0.01267658832,-2781747.31,-0.004985615352,1.204985847,13.79501415,1,60.3238,0,0,-468416883.3,-468416883.3,0,-477665179.1,182,32.32390666
1066,0,-468416883.3,-468054872.9,4.172325134e-07,362010.3857,7.477892823e-16,0.0006488168535,362010.3857,0.0006488168535,1.312437885,1.312437885,0,0,1,0,-468416883.3,-468416883.3,0,-477665179.1,183,32.34420586
1067,0,-468416883.3,-467811701.2,4.172325134e-07,605182.1146,7.477892823e-16,0.001084643897,605182.1146,0.001084643897,0.04668833984,18.95331166,1,115.699185,0,0,-468416883.3,-468416883.3,0,-477665179.1,184,32.36398196
1068,0,-480402787.8,-479876949.3,-11985904.43,-11460065.96,-0.02148186104,-0.0205394216,525838.473,0.0009424394352,0.5086911359,0.5086911359,0.06906,0.08653,0,0,-468416883.3,-468416883.3,0,-477665179.1,185,32.38178611
1069,0,-480402787.8,-484696094.6,-11985904.43,-16279211.25,-0.02148186104,-0.02917658454,-4293306.821,-0.007694723502,0.5086911359,9.491308864,1,37.16084,0,0,-468416883.3,-468416883.3,0,-477665179.1,186,32.39824867
1070,0,-476848240.9,-479985054.4,-8431357.619,-11568171.04,-0.01511118779,-0.02073317404,-3136813.418,-0.005621986252,1.196700783,1.196700783,0.16084,0.16084,0,0,-468416883.3,-468416883.3,0,-477665179.1,187,32.41511941
1071,0,-480374273.2,-478361566.2,-11957389.88,-9944682.899,-0.02143075554,-0.01782346066,2012706.985,0.003607294887,0.7886540674,18.21134593,1,100.7009,0,0,-468416883.3,-468416883.3,0,-477665179.1,188,32.43166804
1072,0,-481074208.1,-486602575.9,-12657324.82,-18185692.62,-0.02268522116,-0.03259349546,-5528367.802,-0.009908274303,1.512159971,1.512159971,0.01747,0.01747,0,0,-468416883.3,-468416883.3,0,-477665179.1,189,32.44787383
1073,0,-486241285.5,-484555699.7,-17824402.15,-16138816.36,-0.03194596888,-0.02892496034,1685585.788,0.003021008541,0.08386337998,10.91613662,1,69.0486,0,0,-468416883.3,-468416883.3,0,-477665179.1,190,32.46456599
1074,0,-477603705.5,-479276016,-9186822.145,-10859132.7,-0.01646517689,-0.01946239277,-1672310.559,-0.002997215875,0.3677140801,0.3677140801,0,0,1,1,-468416883.3,-468416883.3,0,-479276016,0,32.48091149
1075,0,-479276016,-471260753.8,-10859132.7,-2843870.461,-0.01946239277,-0.005096956212,8015262.243,0.01436543656,0,26,1,170.857865,0,0,-468416883.3,-468416883.3,0,-479276016,1,32.49740696
1076,0,-476863280.9,-476863280.9,-8446397.599,-8446397.599,-0.01513814335,-0.01513814335,0,0,0,0,0,0,1,0,-468416883.3,-468416883.3,0,-479276016,2,32.5140512
1077,0,-476863280.9,-474961094.3,-8446397.599,-6544210.953,-0.01513814335,-0.01172892969,1902186.645,0.003409213665,0,13,1,91.0407,0,0,-468416883.3,-468416883.3,0,-479276016,3,32.53056908
1078,0,-474429121,-472794968.9,-6012237.701,-4378085.617,-0.01077549513,-0.007846669174,1634152.084,0.002928825954,0.5013930253,0.5013930253,0.10438,0.10438,0,0,-468416883.3,-468416883.3,0,-479276016,4,32.54715538
1079,0,-474429121,-475182275.1,-6012237.701,-6765391.759,-0.01077549513,-0.01212534327,-753154.0586,-0.001349848142,0.5013930253,24.49860697,1,153.2779,0,0,-468416883.3,-468416883.3,0,-479276016,5,32.56141806
1080,0,-474203094,-471201811.9,-5786210.656,-2784928.616,-0.01037039582,-0.004991317081,3001282.041,0.005379078741,1.454215008,1.454215008,0.19706,0.19706,0,0,-468416883.3,-468416883.3,0,-479276016,6,32.57818723
1081,0,-472707107.4,-477241139.8,-4290224.044,-8824256.434,-0.007689198363,-0.01581536475,-4534032.39,-0.008126166389,1.097197082,27.90280292,1,163.791875,0,0,-468416883.3,-468416883.3,0,-479276016,7,32.59489894
1082,0,-477329270.9,-534953009.1,-8912387.537,-66536125.73,-0.01597331863,-0.1192500587,-57623738.2,-0.1032767401,0.8695853388,318.9088301,1.14154,2119.760985,0,0,-468416883.3,-468416883.3,0,-479276016,8,32.61171126
1083,0,-475641559.5,-485852743.4,-7224676.167,-17435860.08,-0.01294850049,-0.03124960035,-10211183.92,-0.01830109986,8.303588644,8.303588644,0.13336,0.35464,0,0,-468416883.3,-468416883.3,0,-479276016,9,32.69177008
1084,0,-482026341,-485256160.7,-13609457.71,-16839277.41,-0.02439169116,-0.03018036889,-3229819.703,-0.005788677728,2.291822264,2.291822264,0.13336,0.334,0,0,-468416883.3,-468416883.3,0,-479276016,10,32.8490231
1085,0,-481473420.7,-478972677.8,-13056537.39,-10555794.53,-0.02340071401,-0.01891873178,2500742.861,0.004481982226,1.561037703,1.561037703,0.05391,0.1104,0,0,-468416883.3,-468416883.3,0,-479276016,11,32.86829901
1086,0,-477591290,-466172573.1,-9174406.669,2244310.244,-0.01644292513,0.004022388219,11418716.91,0.02046531335,0.6149035951,15.3850964,1,92.22322,0,0,-468416883.3,-468416883.3,0,-479276016,12,32.88618279
1087,0,-468416883.3,-466755349.1,4.172325134e-07,1661534.207,7.477892823e-16,0.002977901846,1661534.207,0.002977901846,1.211676168,1.211676168,0.1081,0.18153,0,0,-468416883.3,-468416883.3,0,-479276016,13,32.90415645
1088,0,-468416883.3,-488640047.2,4.172325134e-07,-20223163.9,7.477892823e-16,-0.03624517441,-20223163.9,-0.03624517441,1.080923795,16.91907621,1,95.52795,0,0,-468416883.3,-468416883.3,0,-479276016,14,32.92633057
1089,0,-479981918.1,-482195477,-11565034.74,-13778593.68,-0.02072755299,-0.02469482686,-2213558.935,-0.003967273869,1.559906258,1.559906258,0.12094,0.259255,0,0,-468416883.3,-468416883.3,0,-479276016,15,32.94382739
1090,0,-478958386.7,-470861211.8,-10541503.33,-2444328.484,-0.01889311824,-0.004380872976,8097174.848,0.01451224527,1.116502451,13.88349755,1,70.333895,0,0,-468416883.3,-468416883.3,0,-479276016,16,32.96161032
1091,0,-472027522.9,-473698479.3,-3610639.584,-5281595.987,-0.006471206093,-0.009465994968,-1670956.403,-0.002994788875,1.282270476,1.282270476,0.1081,0.11902,0,0,-468416883.3,-468416883.3,0,-479276016,17,32.9799006
1092,0,-472652864.8,-463879195,-4235981.515,4537688.314,-0.00759198163,0.008132718757,8773669.83,0.01572470039,0.6424454675,15.35755453,1,79.659915,0,0,-468416883.3,-468416883.3,0,-479276016,18,32.99710894
1093,0,-468416883.3,-467054661.6,4.172325134e-07,1362221.722,7.477892823e-16,0.002441455954,1362221.722,0.002441455954,0.5518133338,0.5518133338,0.04557,0.04557,0,0,-468416883.3,-468416883.3,0,-479276016,19,33.01475644
1094,0,-468416883.3,-480338135.4,4.172325134e-07,-11921252.08,7.477892823e-16,-0.0213659872,-11921252.08,-0.0213659872,0.4208941451,17.57910585,1,115.28355,0,0,-468416883.3,-468416883.3,0,-479276016,20,33.03222966
1095,0,-479875780.8,-482623258.4,-11458897.44,-14206375.11,-0.02053732731,-0.02546152254,-2747477.667,-0.004924195231,0.9521538337,0.9521538337,0.01092,0.01092,0,0,-468416883.3,-468416883.3,0,-479276016,21,33.05033469
1096,0,-482598908.9,-458659228.2,-14182025.59,9757655.163,-0.02541788188,0.01748825827,23939680.76,0.04290614014,0.1072080581,21.89279194,1.22399,122.8234,0,0,-468416883.3,-468416883.3,0,-479276016,22,33.06891131
1097,0,-468416883.3,-465302528,4.172325134e-07,3114355.347,7.477892823e-16,0.005581735543,3114355.347,0.005581735543,1.493316929,1.493316929,0.1081,0.1081,0,0,-468416883.3,-468416883.3,0,-479276016,23,33.08670259
1098,0,-468416883.3,-477078724.8,4.768371582e-07,-8661841.455,8.546163227e-16,-0.01552427483,-8661841.455,-0.01552427483,0.8936525974,16.1063474,1,79.44245,0,0,-468416883.3,-468416883.3,0,-479276016,24,33.10710645
1099,0,-474018614.6,-474587660.2,-5601731.292,-6170776.86,-0.01003976078,-0.01105963857,-569045.5679,-0.001019877798,0.7486655259,0.7486655259,0.04557,0.05649,0,0,-468416883.3,-468416883.3,0,-479276016,25,33.12550235
1100,0,-474019175.6,-472682863.9,-5602292.307,-4265980.624,-0.01004076626,-0.007645747843,1336311.683,0.002395018419,0.3654126658,28.63458733,1,167.502025,0,0,-468416883.3,-468416883.3,0,-479276016,26,33.14395428
1101,0,-468416883.3,-600786298.3,4.768371582e-07,-132369415,8.546163227e-16,-0.2372404514,-132369415,-0.2372404514,1.415146256,355.0925661,1.6231,2322.653765,0,0,-468416883.3,-468416883.3,0,-479276016,27,33.16343212
1102,0,-468416883.3,-466638722.3,2.980232239e-07,1778161.027,5.341352017e-16,0.003186927469,1778161.027,0.003186927469,6.013221879,6.013221879,0.09211,0.238665,0,0,-468416883.3,-468416883.3,0,-479276016,28,33.25138092
1103,0,-468416883.3,-474358982.2,2.384185791e-07,-5942098.884,4.273081613e-16,-0.01064978811,-5942098.884,-0.01064978811,1.352528861,23.64747114,1,101.49668,0,0,-468416883.3,-468416883.3,0,-479276016,29,33.4322474
1104,0,-468416883.3,-467638758.7,1.788139343e-07,778124.6034,3.20481121e-16,0.001394601859,778124.6034,0.001394601859,0.6517368758,0.6517368758,0.04557,0.075395,0,0,-468416883.3,-468416883.3,0,-479276016,30,33.46130347
1105,0,-468416883.3,-475389740.3,2.980232239e-07,-6972856.966,5.341352017e-16,-0.01249717493,-6972856.966,-0.01249717493,0.530760235,27.46923976,1,138.595045,0,0,-468416883.3,-468416883.3,0,-479276016,31,33.48888397
1106,0,-476245177.1,-489011038.1,-7828293.758,-20594154.73,-0.01403034036,-0.03691008656,-12765860.97,-0.0228797462,3.944920391,3.944920391,0.1698,0.594725,0,0,-468416883.3,-468416883.3,0,-479276016,32,33.51955843
1107,0,-477441348.8,-479805002,-9024465.468,-11388118.71,-0.01617419146,-0.02041047339,-2363653.237,-0.004236281932,1.818295183,1.818295183,0.1698,0.344685,0,0,-468416883.3,-468416883.3,0,-479276016,33,33.53890967
1108,0,-476599376.8,-463817011.2,-8182493.491,4599872.154,-0.01466515849,0.008244168385,12782365.64,0.02290932687,1.395478868,9.604521132,1,22.27401,0,0,-468416883.3,-468416883.3,0,-479276016,34,33.55759192
1109,0,-468416883.3,-459074334.1,2.980232239e-07,9342549.251,5.341352017e-16,0.01674428041,9342549.251,0.01674428041,1.675728607,1.675728607,0.09211,0.111705,0,0,-468416883.3,-468416883.3,0,-479276016,35,33.57553887
1110,0,-468416883.3,-491911532.3,2.980232239e-07,-23494648.97,5.341352017e-16,-0.04210852732,-23494648.97,-0.04210852732,1.612737938,28.38726206,1,149.152275,0,0,-468416883.3,-468416883.3,0,-479276016,36,33.595505
1111,0,-487335540.6,-486940675.8,-18918657.29,-18523792.48,-0.03390715896,-0.03319945843,394864.8037,0.0007077005236,0.715940755,0.715940755,0.09211,0.095465,0,0,-468416883.3,-468416883.3,0,-479276016,37,33.6164341
1112,0,-488283252.9,-496132432.1,-19866369.59,-27715548.74,-0.03560570613,-0.04967347853,-7849179.141,-0.0140677724,0.4755146407,18.52448536,1,106.245575,0,0,-468416883.3,-468416883.3,0,-479276016,38,33.63483691
1113,0,-491068296.9,-498443986.3,-22651413.59,-30027103.03,-0.04059723,-0.05381638559,-7375689.436,-0.01321915559,1.853576332,1.853576332,0.13308,0.22799,0,0,-468416883.3,-468416883.3,0,-479276016,39,33.65258455
1114,0,-495896941.6,-474206631.1,-27480058.28,-5789747.82,-0.04925141834,-0.01037673534,21690310.46,0.038874683,0.8553583068,14.14464169,1,27.998365,0,0,-468416883.3,-468416883.3,0,-479276016,40,33.67113209
1115,0,-481026175,-485953015.4,-12609291.71,-17536132.08,-0.02259913332,-0.03142931387,-4926840.37,-0.008830180549,3.092274179,3.092274179,0.10671,0.382335,0,0,-468416883.3,-468416883.3,0,-479276016,41,33.6889987
1116,0,-484751084.9,-480888089,-16334201.54,-12471205.69,-0.02927514144,-0.02235164722,3862995.852,0.006923494221,2.026656634,10.97334337,1,32.01724,0,0,-468416883.3,-468416883.3,0,-479276016,42,33.70766902
1117,0,-478896735.7,-479988381,-10479852.42,-11571497.72,-0.01878262377,-0.02073913632,-1091645.293,-0.001956512554,0.7837938536,0.7837938536,0.08161,0.08654,0,0,-468416883.3,-468416883.3,0,-479276016,43,33.72517729
1118,0,-478743171.2,-472735536.5,-10326287.9,-4318653.137,-0.01850739616,-0.007740150698,6007634.759,0.01076724546,0.4223501027,18.5776499,1,116.007665,0,0,-468416883.3,-468416883.3,0,-479276016,44,33.74524522
1119,0,-473244474.4,-472033520.2,-4827591.061,-3616636.852,-0.00865229995,-0.00648195476,1210954.209,0.00217034519,1.801591736,1.801591736,0.10671,0.27253,0,0,-468416883.3,-468416883.3,0,-479276016,45,33.76212454
1120,0,-473209870.7,-473209703.3,-4792987.344,-4792819.95,-0.008590281081,-0.008589981067,167.3941781,3.000139449e-07,1.738534868,11.26146513,1,23.776955,0,0,-468416883.3,-468416883.3,0,-479276016,46,33.77926946
1121,0,-476347935.8,-476021094.8,-7931052.524,-7604211.451,-0.01421451082,-0.01362872653,326841.0737,0.0005857842908,0.6711131517,0.6711131517,0.04557,0.0505,0,0,-468416883.3,-468416883.3,0,-479276016,47,33.79662824
1122,0,-476194371.3,-473341411.2,-7777487.997,-4924527.855,-0.01393928321,-0.00882603592,2852960.142,0.005113247287,0.3096694008,24.6903306,1,132.84183,0,0,-468416883.3,-468416883.3,0,-479276016,48,33.81677818
1123,0,-475943607,-473966711.6,-7526723.686,-5549828.284,-0.01348984828,-0.009946737074,1976895.401,0.003543111205,1.932675456,1.932675456,0.10671,0.29995,0,0,-468416883.3,-468416883.3,0,-479276016,49,33.83405209
1124,0,-475909003.3,-486870052.4,-7492119.969,-18453169.03,-0.01342782941,-0.03307288283,-10961049.06,-0.01964505342,1.869618588,14.13038141,1,60.953155,0,0,-468416883.3,-468416883.3,0,-479276016,50,33.85100889
1125,0,-487429772.8,-482502141.9,-19012889.47,-14085258.54,-0.03407604757,-0.02524445012,4927630.935,0.008831597447,1.463426246,1.463426246,0.13595,0.27443,0,0,-468416883.3,-468416883.3,0,-479276016,51,33.868294
1126,0,-487276208.3,-491086374.3,-18859324.95,-22669491,-0.03380081996,-0.04062962942,-3810166.05,-0.006828809463,1.101982496,16.8980175,1,92.484385,0,0,-468416883.3,-468416883.3,0,-479276016,52,33.88835883
1127,0,-483449479.4,-484643501.9,-15032596.05,-16226618.63,-0.02694232557,-0.02908232486,-1194022.574,-0.002139999293,2.616685607,2.616685607,0.10671,0.482855,0,0,-468416883.3,-468416883.3,0,-479276016,53,33.90655136
1128,0,-483414875.7,-485182336,-14997992.34,-16765452.71,-0.0268803067,-0.03004805582,-1767460.376,-0.003167749118,2.553628739,13.44637126,1,37.63376,0,0,-468416883.3,-468416883.3,0,-479276016,54,33.92374039
1129,0,-487429772.8,-601107141.5,-19012889.47,-132690258.1,-0.03407604757,-0.2378154859,-113677368.7,-0.2037394383,1.463426246,351.7187611,1.695845,2290.718175,0,0,-468416883.3,-468416883.3,0,-479276016,55,33.94123936
1130,0,-468416883.3,-466038378.8,4.172325134e-07,2378504.535,7.477892823e-16,0.004262899323,2378504.535,0.004262899323,4.299213357,4.299213357,0.11869,0.409225,0,0,-468416883.3,-468416883.3,0,-479276016,56,34.011338
1131,0,-468416883.3,-470264727.5,6.556510925e-07,-1847844.198,1.175097444e-15,-0.003311817854,-1847844.198,-0.003311817854,2.243337166,2.243337166,0.08379,0.129725,0,0,-468416883.3,-468416883.3,0,-479276016,57,34.16300464
1132,0,-470024742.6,-463942150.8,-1607859.252,4474732.488,-0.002881702354,0.008019885527,6082591.74,0.01090158788,1.499363879,20.50063612,1,124.84062,0,0,-468416883.3,-468416883.3,0,-479276016,58,34.18526196
1133,0,-468416883.3,-461464245.5,4.172325134e-07,6952637.849,7.477892823e-16,0.01246093701,6952637.849,0.01246093701,2.791876938,2.791876938,0.05689,0.07436,0,0,-468416883.3,-468416883.3,0,-479276016,59,34.20463777
1134,0,-468416883.3,-485831345,5.36441803e-07,-17414461.67,9.61443363e-16,-0.03121124883,-17414461.67,-0.03121124883,1.659185098,28.3408149,1,121.914785,0,0,-468416883.3,-468416883.3,0,-479276016,60,34.22425842
1135,0,-469334225.4,-470825097.3,-917342.1204,-2408213.983,-0.001644115892,-0.004316146388,-1490871.862,-0.002672030497,2.750383839,2.750383839,0.09953,0.323135,0,0,-468416883.3,-468416883.3,0,-479276016,61,34.25584698
1136,0,-469416093.4,-452602041.9,-999210.1166,15814841.44,-0.001790844654,0.02834431294,16814051.56,0.0301351576,2.366249464,18.63375054,1,80.02965,0,0,-468416883.3,-468416883.3,0,-479276016,62,34.27493405
1137,0,-468416883.3,-459837492.7,5.36441803e-07,8579390.586,9.61443363e-16,0.01537650141,8579390.586,0.01537650141,3.413685354,3.413685354,0.32082,0.45431,0,0,-468416883.3,-468416883.3,0,-479276016,63,34.29622483
1138,0,-468416883.3,-482801302.4,4.172325134e-07,-14384419.12,7.477892823e-16,-0.02578062376,-14384419.12,-0.02578062376,3.06591811,23.93408189,1,128.3571,0,0,-468416883.3,-468416883.3,0,-479276016,64,34.31530023
1139,0,-473768996.6,-485148836.1,-5352113.261,-16731952.78,-0.009592380281,-0.02998801521,-11379839.52,-0.02039563493,2.908638575,2.908638575,0.26481,0.459155,0,0,-468416883.3,-468416883.3,0,-479276016,65,34.33799219
1140,0,-479409498.1,-476532668.5,-10992614.76,-8115785.14,-0.01970162737,-0.01454559976,2876829.625,0.005156027614,1.622536273,1.622536273,0.063755,0.102065,0,0,-468416883.3,-468416883.3,0,-479276016,66,34.35749722
1141,0,-473692466.2,-482109864.8,-5275582.922,-13692981.48,-0.009455217991,-0.0245413875,-8417398.553,-0.01508616951,0.8697990158,12.13020098,1,56.769775,0,0,-468416883.3,-468416883.3,0,-479276016,67,34.37436104
1142,0,-468521935.3,-461924606.2,-105051.9531,6492277.093,-0.0001882804481,0.01163585069,6597329.046,0.01182413114,2.550303223,2.550303223,0.32082,0.384575,0,0,-468416883.3,-468416883.3,0,-479276016,68,34.39121127
1143,0,-468416883.3,-484567189.9,5.36441803e-07,-16150306.61,9.61443363e-16,-0.02894555385,-16150306.61,-0.02894555385,2.192574575,20.80742543,1,123.17175,0,0,-468416883.3,-468416883.3,0,-479276016,69,34.40948844
1144,0,-479610587.3,-569220551.2,-11193704.02,-100803667.9,-0.02006203167,-0.1806664152,-89609963.9,-0.1606043835,1.991777496,334.5105838,1.31187,2246.44593,0,0,-468416883.3,-468416883.3,0,-479276016,70,34.42925119
1145,0,-468416883.3,-471995937.5,2.980232239e-07,-3579054.166,5.341352017e-16,-0.006414596801,-3579054.166,-0.006414596801,9.32597965,9.32597965,0.25099,0.70302,0,0,-468416883.3,-468416883.3,0,-479276016,71,34.49794006
1146,0,-468416883.3,-467995912,5.36441803e-07,420971.3419,9.61443363e-16,0.0007544902364,420971.3419,0.0007544902364,3.592014806,3.592014806,0.25099,0.53068,0,0,-468416883.3,-468416883.3,0,-479276016,72,34.69876528
1147,0,-468416883.3,-463793433.7,4.172325134e-07,4623449.64,7.477892823e-16,0.008286425379,4623449.64,0.008286425379,2.430482859,2.430482859,0.065825,0.155915,0,0,-468416883.3,-468416883.3,0,-479276016,73,34.7246995
1148,0,-468416883.3,-487213917.4,3.576278687e-07,-18797034.08,6.40962242e-16,-0.0336891785,-18797034.08,-0.0336891785,1.549566908,18.45043309,1,76.617615,0,0,-468416883.3,-468416883.3,0,-479276016,74,34.74860501
1149,0,-476678864.7,-480082927.7,-8261981.389,-11666044.39,-0.01480762149,-0.02090858858,-3404063.003,-0.006100967083,1.543898696,1.543898696,0.06981,0.20136,0,0,-468416883.3,-468416883.3,0,-479276016,75,34.77285457
1150,0,-478272877.6,-457927496.5,-9855994.322,10489386.82,-0.01766450764,0.01879971189,20345381.14,0.03646421953,1.318667563,24.68133244,1,120.63355,0,0,-468416883.3,-468416883.3,0,-479276016,76,34.79106164
1151,0,-468416883.3,-465496985.4,5.36441803e-07,2919897.905,9.61443363e-16,0.005233217184,2919897.905,0.005233217184,1.632762642,1.632762642,0.052165,0.12698,0,0,-468416883.3,-468416883.3,0,-479276016,77,34.81225133
1152,0,-468416883.3,-496112133.7,4.172325134e-07,-27695250.42,7.477892823e-16,-0.04963709866,-27695250.42,-0.04963709866,1.563512765,16.43648724,1,55.18915,0,0,-468416883.3,-468416883.3,0,-479276016,78,34.83243704
1153,0,-476859599.8,-477911790.7,-8442716.466,-9494907.385,-0.0151315458,-0.01701734585,-1052190.92,-0.001885800045,2.497156625,2.497156625,0.09601,0.283765,0,0,-468416883.3,-468416883.3,0,-479276016,79,34.87200999
1154,0,-476836167.3,-477765281.5,-8419283.955,-9348398.181,-0.01508954864,-0.01675476321,-929114.2261,-0.00166521457,2.169267816,2.169267816,0.06981,0.207365,0,0,-468416883.3,-468416883.3,0,-479276016,80,34.88917899
1155,0,-475492987.3,-470528962.7,-7076104.012,-2112079.368,-0.01268222051,-0.003785396066,4964024.645,0.008896824449,1.478040015,19.52195998,1,112.22373,0,0,-468416883.3,-468416883.3,0,-479276016,81,34.90736866
1156,0,-468416883.3,-466045903.6,5.36441803e-07,2370979.747,9.61443363e-16,0.004249412945,2370979.747,0.004249412945,1.313274054,1.313274054,0.037995,0.09452,0,0,-468416883.3,-468416883.3,0,-479276016,82,34.92982149
1157,0,-468416883.3,-498660186.7,6.556510925e-07,-30243303.38,1.175097444e-15,-0.05420387291,-30243303.38,-0.05420387291,1.217360992,12.78263901,1,52.584815,0,0,-468416883.3,-468416883.3,0,-479276016,83,34.95399809
1158,0,-487422158.6,-489878073.1,-19005275.27,-21461189.78,-0.03406240094,-0.03846403908,-2455914.501,-0.004401638135,2.5042199,2.5042199,0.041,0.188345,0,0,-468416883.3,-468416883.3,0,-479276016,84,34.9789021
1159,0,-488462441,-462377194.8,-20045557.64,6039688.514,-0.03592685775,0.01082469413,26085246.15,0.04675155188,1.339900448,25.66009955,1,127.778175,0,0,-468416883.3,-468416883.3,0,-479276016,85,34.99835825
1160,0,-468416883.3,-467871619.3,4.768371582e-07,545264.0412,8.546163227e-16,0.0009772551107,545264.0412,0.0009772551107,1.085781497,1.085781497,0.037995,0.12623,0,0,-468416883.3,-468416883.3,0,-479276016,86,35.01848197
1161,0,-468416883.3,-469805950.1,4.172325134e-07,-1389066.771,7.477892823e-16,-0.00248956927,-1389066.771,-0.00248956927,0.9633025088,26.03669749,1,139.379115,0,0,-468416883.3,-468416883.3,0,-479276016,87,35.03960776
1162,0,-468416883.3,-475395101.8,4.172325134e-07,-6978218.482,7.477892823e-16,-0.01250678416,-6978218.482,-0.01250678416,2.129754219,2.129754219,0.0777,0.317765,0,0,-468416883.3,-468416883.3,0,-479276016,88,35.05803704
1163,0,-481587865.3,-482928100.4,-13170981.99,-14511217.06,-0.02360582854,-0.02600787869,-1340235.071,-0.002402050152,1.499476115,1.499476115,0.0777,0.190755,0,0,-468416883.3,-468416883.3,0,-479276016,89,35.07918119
1164,0,-483352381.4,-461167537.2,-14935498.06,7249346.135,-0.02676830068,0.0129927155,22184844.19,0.03976101618,1.26523791,24.73476209,1,125.253785,0,0,-468416883.3,-468416883.3,0,-479276016,90,35.09580398
1165,0,-468416883.3,-609306486.2,4.172325134e-07,-140889602.9,7.477892823e-16,-0.2525108462,-140889602.9,-0.2525108462,1.085781497,331.4879528,2.063325,2139.74082,0,0,-468416883.3,-468416883.3,0,-479276016,91,35.11324382
1166,0,-468416883.3,-467496693.3,2.980232239e-07,920190.0154,5.341352017e-16,0.001649220061,920190.0154,0.001649220061,4.800207962,4.800207962,0.050815,0.08756,0,0,-468416883.3,-468416883.3,0,-479276016,92,35.20198584
1167,0,-468416883.3,-477904668.9,2.384185791e-07,-9487785.62,4.273081613e-16,-0.01700458179,-9487785.62,-0.01700458179,1.043487655,10.95651234,1,39.278225,0,0,-468416883.3,-468416883.3,0,-479276016,93,35.34706259
1168,0,-473334871.3,-469492307.7,-4917987.931,-1075424.425,-0.008814314673,-0.001927440536,3842563.505,0.006886874137,1.161998557,1.161998557,0.04541,0.04541,0,0,-468416883.3,-468416883.3,0,-479276016,94,35.36573648
1169,0,-468807575.1,-481302751.1,-390691.7402,-12885867.77,-0.0007002213073,-0.02309482963,-12495176.03,-0.02239460832,0.2101536468,25.78984635,1,163.04363,0,0,-468416883.3,-468416883.3,0,-479276016,95,35.38227868
1170,0,-468740118.7,-468320743.5,-323235.4172,96139.80958,-0.0005793220157,0.0001723075669,419375.2268,0.0007516295826,0.2440082027,0.2440082027,0.04363,0.048225,0,0,-468416883.3,-468416883.3,0,-479276016,96,35.3993175
1171,0,-468740118.7,-475766820.5,-323235.4172,-7349937.165,-0.0005793220157,-0.01317300081,-7026701.747,-0.01259367879,0.2440082027,26.7559918,1,159.51284,0,0,-468416883.3,-468416883.3,0,-479276016,97,35.41796374
1172,0,-469434811.1,-470306823.6,-1017927.746,-1889940.325,-0.001824391519,-0.003387265071,-872012.5786,-0.001562873552,0.2676323584,0.2676323584,0.05783,0.05783,0,0,-468416883.3,-468416883.3,0,-479276016,98,35.43509483
1173,0,-469434811.1,-467788981.9,-1017927.746,627901.3948,-0.001824391519,0.001125362761,1645829.141,0.00294975428,0.2676323584,19.73236764,1,119.32771,0,0,-468416883.3,-468416883.3,0,-479276016,99,35.45195413
1174,0,-468416883.3,-462654212.3,4.172325134e-07,5762670.997,7.477892823e-16,0.01032820662,5762670.997,0.01032820662,0.9866308526,0.9866308526,0.04363,0.04363,0,0,-468416883.3,-468416883.3,0,-479276016,100,35.46874833
1175,0,-468416883.3,-484570531.3,4.172325134e-07,-16153647.95,7.477892823e-16,-0.02895154242,-16153647.95,-0.02895154242,0.9515605264,27.04843947,1,172.391985,0,0,-468416883.3,-468416883.3,0,-479276016,101,35.4878881
1176,0,-478960935.1,-478773098.5,-10544051.81,-10356215.21,-0.01889768578,-0.0185610337,187836.5953,0.0003366520784,0.4866312492,0.4866312492,0.03621,0.05734,0,0,-468416883.3,-468416883.3,0,-479276016,102,35.50698853
1177,0,-478904397.7,-490822418.4,-10487514.41,-22405535.04,-0.01879635604,-0.04015655163,-11918020.63,-0.02136019559,0.2879974787,11.71200252,1,66.144125,0,0,-468416883.3,-468416883.3,0,-479276016,103,35.52389479
1178,0,-480421922.9,-474378735.1,-12005039.61,-5961851.826,-0.02151615626,-0.01068519052,6043187.786,0.01083096574,1.356224344,1.356224344,0.03621,0.03621,0,0,-468416883.3,-468416883.3,0,-479276016,104,35.54063988
1179,0,-474487974.7,-484963492.2,-6071091.358,-16546608.9,-0.0108809762,-0.02965583073,-10475517.54,-0.01877485453,0.1770798552,26.82292014,1,158.792725,0,0,-468416883.3,-468416883.3,0,-479276016,105,35.55779099
1180,0,-478960935.1,-590532390.9,-10544051.81,-122115507.6,-0.01889768578,-0.21886278,-111571455.8,-0.1999650942,0.4866312492,338.4866312,1.375765,2280.32531,0,0,-468416883.3,-468416883.3,0,-479276016,106,35.57443023
1181,0,-468416883.3,-470969607.3,1.788139343e-07,-2552723.99,3.20481121e-16,-0.004575145942,-2552723.99,-0.004575145942,7.213864822,7.213864822,0.124445,0.124445,0,0,-468416883.3,-468416883.3,0,-479276016,107,35.64572001
1182,0,-471551979.8,-472009816.9,-3135096.459,-3592933.611,-0.005618909016,-0.006439472381,-457837.1522,-0.0008205633657,1.014516334,1.014516334,0.05349,0.105225,0,0,-468416883.3,-468416883.3,0,-479276016,108,35.80306411
1183,0,-471897988.3,-481772782.1,-3481104.936,-13355898.8,-0.006239046282,-0.02393724759,-9874793.86,-0.0176982013,0.7723927755,17.22760722,1,85.717755,0,0,-468416883.3,-468416883.3,0,-479276016,109,35.82460475
1184,0,-470702128.1,-473504069.4,-2285244.736,-5087186.039,-0.004095753486,-0.00911756173,-2801941.302,-0.005021808244,1.706952387,1.706952387,0.16468,0.326855,0,0,-468416883.3,-468416883.3,0,-479276016,110,35.84265471
1185,0,-470685629.6,-466675980.5,-2268746.29,1740902.786,-0.004066183975,0.003120151001,4009649.076,0.007186334977,1.511033816,18.48896618,1,110.14185,0,0,-468416883.3,-468416883.3,0,-479276016,111,35.86002254
1186,0,-468416883.3,-469018665,2.980232239e-07,-601781.6972,5.341352017e-16,-0.001078549463,-601781.6972,-0.001078549463,1.7219479,1.7219479,0.08401,0.116215,0,0,-468416883.3,-468416883.3,0,-479276016,112,35.87982678
1187,0,-468705121.3,-468381036.7,-288237.9437,35846.63654,-0.0005165974322,6.424650465e-05,324084.5803,0.0005808439369,0.6785409209,0.6785409209,0.032205,0.053745,0,0,-468416883.3,-468416883.3,0,-479276016,113,35.89899564
1188,0,-468452766.3,-483391282.8,-35882.98372,-14974399.5,-6.431164826e-05,-0.0268380222,-14938516.52,-0.02677371055,0.4958733504,29.50412665,1,170.31841,0,0,-468416883.3,-468416883.3,0,-479276016,114,35.91631651
1189,0,-477002950.7,-477203928.4,-8586067.339,-8787045.079,-0.01538846789,-0.01574867232,-200977.7403,-0.0003602044312,0.8642368568,0.8642368568,0.033565,0.060995,0,0,-468416883.3,-468416883.3,0,-479276016,115,35.93458629
1190,0,-477060448,-475749581.4,-8643564.707,-7332698.081,-0.01549151814,-0.01314210389,1310866.626,0.002349414251,0.5744878558,14.42551214,1,86.11575,0,0,-468416883.3,-468416883.3,0,-479276016,116,35.95239139
1191,0,-468579626.5,-468243441.2,-162743.1763,173442.0725,-0.000291678139,0.0003108533461,336185.2488,0.0006025314851,0.8086389536,0.8086389536,0.04291,0.06445,0,0,-468416883.3,-468416883.3,0,-479276016,117,35.97003508
1192,0,-468416883.3,-482991782.6,4.172325134e-07,-14574899.31,7.477892823e-16,-0.02612201385,-14574899.31,-0.02612201385,0.5548036928,18.44519631,1,117.240025,0,0,-468416883.3,-468416883.3,0,-479276016,118,35.98736358
1193,0,-476874121,-476859608.9,-8457237.659,-8442725.565,-0.01515757156,-0.01513156211,14512.09468,2.600945161e-05,0.9861135184,0.9861135184,0.04291,0.07034,0,0,-468416883.3,-468416883.3,0,-479276016,119,36.00412321
1194,0,-476912132.7,-475657943,-8495249.394,-7241059.699,-0.01522569849,-0.01297786405,1254189.695,0.002247834437,0.583078181,13.41692182,1,80.12867,0,0,-468416883.3,-468416883.3,0,-479276016,120,36.02063918
1195,0,-468599112.1,-613116561.1,-182228.8095,-144699677.8,-0.0003266014663,-0.2593394923,-144517449,-0.2590128909,0.9219252901,334.9246643,1,2159.905265,0,0,-468416883.3,-468416883.3,0,-479276016,121,36.03708386
1196,0,-468416883.3,-474500050.5,1.788139343e-07,-6083167.219,3.20481121e-16,-0.01090261929,-6083167.219,-0.01090261929,4.649409454,4.649409454,0.082785,0.212075,0,0,-468416883.3,-468416883.3,0,-479276016,122,36.11415792
1197,0,-473047771.1,-482367350.6,-4630887.742,-13950467.27,-0.008299756394,-0.02500286908,-9319579.527,-0.01670311268,2.055943176,11.94405682,1,50.236245,0,0,-468416883.3,-468416883.3,0,-479276016,123,36.25568891
1198,0,-473085154.5,-474641647,-4668271.19,-6224763.712,-0.008366757264,-0.01115639707,-1556492.523,-0.002789639803,1.423591321,1.423591321,0.07794,0.202535,0,0,-468416883.3,-468416883.3,0,-479276016,124,36.27356839
1199,0,-473158949.7,-470222066.2,-4742066.399,-1805182.875,-0.008499017491,-0.003235357656,2936883.524,0.005263659835,0.8297603372,13.17023966,1,78.288895,0,0,-468416883.3,-468416883.3,0,-479276016,125,36.29215527
1200,0,-468416883.3,-468975115.8,4.172325134e-07,-558232.5247,7.477892823e-16,-0.001000498009,-558232.5247,-0.001000498009,0.8972331731,0.8972331731,0.07794,0.07794,0,0,-468416883.3,-468416883.3,0,-479276016,126,36.30863285
1201,0,-470150365,-470116103.9,-1733481.71,-1699220.531,-0.003106850502,-0.00304544555,34261.17871,6.140495148e-05,0.3606997408,28.63930026,1,172.079245,0,0,-468416883.3,-468416883.3,0,-479276016,127,36.32517314
1202,0,-468416883.3,-472292600.1,1.192092896e-07,-3875716.825,2.136540807e-16,-0.006946293517,-3875716.825,-0.006946293517,0.8282398384,0.8282398384,0.03057,0.03057,0,0,-468416883.3,-468416883.3,0,-479276016,128,36.34164453
1203,0,-471831638.3,-452542423.2,-3414754.962,15874460.17,-0.006120129856,0.02845116523,19289215.13,0.03457129508,0.1414753795,19.85852462,1.06652,116.76309,0,0,-468416883.3,-468416883.3,0,-479276016,129,36.35959816
1204,0,-468416883.3,-466084715.8,1.788139343e-07,2332167.558,3.20481121e-16,0.004179851398,2332167.558,0.004179851398,0.7885437435,0.7885437435,0.07794,0.11561,0,0,-468416883.3,-468416883.3,0,-479276016,130,36.37683105
1205,0,-468416883.3,-481389134.3,1.788139343e-07,-12972251,3.20481121e-16,-0.02324965086,-12972251,-0.02324965086,0.7885437435,13.21145626,1,73.71992,0,0,-468416883.3,-468416883.3,0,-479276016,131,36.39465857
1206,0,-475827679.8,-477250093,-7410796.483,-8833209.68,-0.01328207655,-0.0158314113,-1422413.197,-0.002549334746,0.3301730552,0.3301730552,0.06878,0.07944,0,0,-468416883.3,-468416883.3,0,-479276016,132,36.41178107
1207,0,-475827679.8,-474045485.4,-7410796.483,-5628602.03,-0.01328207655,-0.01008792013,1782194.453,0.003194156419,0.3301730552,24.66982694,1,159.003755,0,0,-468416883.3,-468416883.3,0,-479276016,133,36.42608857
1208,0,-468416883.3,-470720609.1,5.960464478e-08,-2303725.741,1.068270403e-16,-0.004128876257,-2303725.741,-0.004128876257,0.6449712653,0.6449712653,0.03344,0.03344,0,0,-468416883.3,-468416883.3,0,-479276016,134,36.44248343
1209,0,-470216370.8,-464029399.9,-1799487.445,4387483.375,-0.003225149963,0.007863512403,6186970.82,0.01108866237,0.1547574972,19.8452425,1,118.07746,0,0,-468416883.3,-468416883.3,0,-479276016,135,36.4606328
1210,0,-468416883.3,-465375677.4,5.960464478e-08,3041205.89,1.068270403e-16,0.005450632674,3041205.89,0.005450632674,0.4700055598,0.4700055598,0.03767,0.03767,0,0,-468416883.3,-468416883.3,0,-479276016,136,36.47732234
1211,0,-468416883.3,-486167861,1.788139343e-07,-17750977.64,3.20481121e-16,-0.03181437305,-17750977.64,-0.03181437305,0.4700055598,20.52999444,1,123,0,0,-468416883.3,-468416883.3,0,-479276016,137,36.49462628
1212,0,-475134023.6,-475134023.6,-6717140.275,-6717140.275,-0.01203886405,-0.01203886405,0,0,0,0,0,0,1,0,-468416883.3,-468416883.3,0,-479276016,138,36.51195431
1213,0,-475134023.6,-473087147.3,-6717140.275,-4670264.017,-0.01203886405,-0.008370328929,2046876.258,0.003668535118,0,11,1,72,0,0,-468416883.3,-468416883.3,0,-479276016,139,36.5286231
1214,0,-470633091.1,-471065711.6,-2216207.777,-2648828.293,-0.003972021283,-0.004747389871,-432620.5158,-0.0007753685885,0.1226822942,0.1226822942,0.02554,0.02554,0,0,-468416883.3,-468416883.3,0,-479276016,140,36.5447278
1215,0,-470633091.1,-472777822.3,-2216207.777,-4360938.949,-0.003972021283,-0.007815937881,-2144731.172,-0.003843916598,0.1226822942,10.87731771,1,65.11416,0,0,-468416883.3,-468416883.3,0,-479276016,141,36.55892205
1216,0,-468416883.3,-462991507.5,1.788139343e-07,5425375.795,3.20481121e-16,0.009723685815,5425375.795,0.009723685815,1.36615791,1.36615791,0.11416,0.13997,0,0,-468416883.3,-468416883.3,0,-479276016,142,36.57560658
1217,0,-468416883.3,-469520991.5,5.960464478e-08,-1104108.144,1.068270403e-16,-0.001978849226,-1104108.144,-0.001978849226,0.9100055555,0.9100055555,0.11416,0.11416,0,0,-468416883.3,-468416883.3,0,-479276016,143,36.59264398
1218,0,-468416883.3,-488490387.3,5.960464478e-08,-20073503.96,1.068270403e-16,-0.03597694484,-20073503.96,-0.03597694484,0.5294732942,29.47052671,1,166.24134,0,0,-468416883.3,-468416883.3,0,-479276016,144,36.60917306
1219,0,-474889122.9,-472309825.9,-6472239.542,-3892942.538,-0.01159993818,-0.006977166478,2579297.005,0.004622771702,0.8481118104,0.8481118104,0.09163,0.09163,0,0,-468416883.3,-468416883.3,0,-479276016,145,36.62589741
1220,0,-473507443.6,-485934443.4,-5090560.266,-17517560.09,-0.009123609223,-0.03139602803,-12426999.82,-0.02227241881,0.4240559052,23.57594409,1,147,0,0,-468416883.3,-468416883.3,0,-479276016,146,36.64252615
1221,0,-473869204.7,-473047339.9,-5452321.4,-4630456.577,-0.009771979354,-0.008298983633,821864.8239,0.001472995721,0.1807147997,0.1807147997,0.03767,0.03767,0,0,-468416883.3,-468416883.3,0,-479276016,147,36.65895867
1222,0,-473869204.7,-488086271.3,-5452321.4,-19669387.98,-0.009771979354,-0.0352526638,-14217066.58,-0.02548068444,0.1807147997,13.8192852,1,104.229755,0,0,-468416883.3,-468416883.3,0,-479276016,148,36.67550135
1223,0,-480241094.3,-481663507.5,-11824211.02,-13246624.21,-0.02119206434,-0.02374139909,-1422413.197,-0.002549334746,0.3301730552,0.3301730552,0.06878,0.07944,0,0,-468416883.3,-468416883.3,0,-479276016,149,36.69194603
1224,0,-480241094.3,-478568320.5,-11824211.02,-10151437.14,-0.02119206434,-0.01819401808,1672773.876,0.00299804626,0.3301730552,15.66982694,1,117.31677,0,0,-468416883.3,-468416883.3,0,-479276016,150,36.70612216
1225,0,-473869204.7,-454351379.3,-5452321.4,14065504.04,-0.009771979354,0.02520904491,19517825.44,0.03498102427,0.1807147997,336.1807148,1.946905,2152.026615,0,0,-468416883.3,-468416883.3,0,-479276016,151,36.72265482
1226,0,-468416883.3,-473396531.7,-5.960464478e-08,-4979648.412,-1.068270403e-16,-0.008924826308,-4979648.412,-0.008924826308,9.155686341,9.155686341,0.2804,0.58641,0,0,-468416883.3,-468416883.3,0,-479276016,152,36.81313872
1227,0,-468416883.3,-466415285.5,-1.788139343e-07,2001597.825,-3.20481121e-16,0.00358738438,2001597.825,0.00358738438,3.445765924,3.445765924,0.22358,0.478525,0,0,-468416883.3,-468416883.3,0,-479276016,153,37.00040364
1228,0,-468416883.3,-483943064.7,-1.192092896e-07,-15526181.35,-2.136540807e-16,-0.02782695891,-15526181.35,-0.02782695891,3.162365569,15.83763443,1,56.31376,0,0,-468416883.3,-468416883.3,0,-479276016,154,37.01957464
1229,0,-476147653.3,-489206521.5,-7730769.995,-20789638.14,-0.01385555239,-0.03726044372,-13058868.15,-0.02340489134,4.090842703,4.090842703,0.132695,0.3039,0,0,-468416883.3,-468416883.3,0,-479276016,155,37.05061579
1230,0,-481249724.2,-477872625.4,-12832840.89,-9455742.094,-0.02299979165,-0.01694715145,3377098.792,0.006052640197,1.198641199,1.198641199,0.02268,0.023985,0,0,-468416883.3,-468416883.3,0,-479276016,156,37.06994152
1231,0,-477873298.6,-477175776.3,-9456415.293,-8758892.988,-0.016948358,-0.01569821644,697522.3051,0.001250141557,0.2150633542,29.78493665,1,163.07275,0,0,-468416883.3,-468416883.3,0,-479276016,157,37.08727694
1232,0,-476593541.7,-478336211.9,-8176658.351,-9919328.605,-0.0146547004,-0.01777801916,-1742670.254,-0.003123318765,0.9116477995,0.9116477995,0.05482,0.10098,0,0,-468416883.3,-468416883.3,0,-479276016,158,37.1048317
1233,0,-477967452.3,-486472287.2,-9550569.026,-18055403.84,-0.017117106,-0.03235998405,-8504834.815,-0.01524287806,0.6717723071,18.32822769,1,107.51998,0,0,-468416883.3,-468416883.3,0,-479276016,159,37.12214923
1234,0,-478302636.8,-490210627.5,-9885753.435,-21793744.17,-0.01771784372,-0.03906006313,-11907990.74,-0.02134221942,4.005684893,4.005684893,0.231795,0.469785,0,0,-468416883.3,-468416883.3,0,-479276016,160,37.13924003
1235,0,-481657878,-477746343.5,-13240994.64,-9329460.216,-0.02373130942,-0.01672082145,3911534.422,0.007010487976,1.823871367,1.823871367,0.02268,0.033265,0,0,-468416883.3,-468416883.3,0,-479276016,161,37.16171002
1236,0,-477454249.9,-460377928.8,-9037366.607,8038954.507,-0.01619731366,0.01440789926,17076321.11,0.03060521292,0.3052345009,19.6947655,1.1195,111.86422,0,0,-468416883.3,-468416883.3,0,-479276016,162,37.18275666
1237,0,-476223501.7,-472592266.7,-7806618.371,-4175383.378,-0.01399149242,-0.007483373992,3631234.993,0.006508118428,1.79485688,1.79485688,0.26188,0.451465,0,0,-468416883.3,-468416883.3,0,-479276016,163,37.20023751
1238,0,-476233803.7,-471782080.8,-7816920.332,-3365197.495,-0.01400995622,-0.006031309975,4451722.836,0.007978646241,1.729974298,26.2700257,1,131.58929,0,0,-468416883.3,-468416883.3,0,-479276016,164,37.21701169
1239,0,-469812867.5,-462659847.4,-1395984.167,5757035.884,-0.002501967044,0.01031810704,7153020.051,0.01282007408,2.258899786,2.258899786,0.07747,0.15599,0,0,-468416883.3,-468416883.3,0,-479276016,165,37.23451829
1240,0,-468416883.3,-467571507,-1.788139343e-07,845376.3403,-3.20481121e-16,0.001515134479,845376.3403,0.001515134479,1.370626797,1.370626797,0.17233,0.28179,0,0,-468416883.3,-468416883.3,0,-479276016,166,37.25370169
1241,0,-468673480.6,-479163103.1,-256597.321,-10746219.76,-0.0004598891994,-0.01926002337,-10489622.44,-0.01880013418,1.32667283,13.67332717,1,80.640575,0,0,-468416883.3,-468416883.3,0,-479276016,167,37.27278185
1242,0,-474170143.9,-469187030.8,-5753260.556,-770147.4456,-0.01031134067,-0.001380304715,4983113.111,0.00893103595,1.841561846,1.841561846,0.0922,0.198715,0,0,-468416883.3,-468416883.3,0,-479276016,168,37.28941798
1243,0,-469988509,-478195183.5,-1571625.707,-9778300.175,-0.002816762409,-0.0175252595,-8206674.468,-0.01470849709,1.215634016,24.78436598,1,143.18263,0,0,-468416883.3,-468416883.3,0,-479276016,169,37.30682516
1244,0,-468416883.3,-470033130.8,-1.788139343e-07,-1616247.501,-3.20481121e-16,-0.00289673628,-1616247.501,-0.00289673628,1.287974691,1.287974691,0.03041,0.05309,0,0,-468416883.3,-468416883.3,0,-479276016,170,37.32580686
1245,0,-470811140,-469893207.2,-2394256.668,-1476323.915,-0.004291131248,-0.002645956787,917932.754,0.001645174461,0.4692032471,27.53079675,1,157.74478,0,0,-468416883.3,-468416883.3,0,-479276016,171,37.35202241
1246,0,-468416883.3,-472197549,-2.980232239e-07,-3780665.68,-5.341352017e-16,-0.006775937121,-3780665.68,-0.006775937121,2.110812259,2.110812259,0.08456,0.128335,0,0,-468416883.3,-468416883.3,0,-479276016,172,37.3737545
1247,0,-468416883.3,-466328768.3,-2.980232239e-07,2088115.019,-5.341352017e-16,0.003742445714,2088115.019,0.003742445714,0.9786300345,0.9786300345,0.02268,0.033265,0,0,-468416883.3,-468416883.3,0,-479276016,173,37.42399669
1248,0,-468416883.3,-475161127.8,-2.980232239e-07,-6744244.44,-5.341352017e-16,-0.01208744177,-6744244.44,-0.01208744177,0.5946162573,14.40538374,1,38.33595,0,0,-468416883.3,-468416883.3,0,-479276016,174,37.46524024
1249,0,-468416883.3,-461849123.6,-2.384185791e-07,6567759.72,-4.273081613e-16,0.0117711352,6567759.72,0.0117711352,2.478871128,2.478871128,0.17763,0.286455,0,0,-468416883.3,-468416883.3,0,-479276016,175,37.49639416
1250,0,-468416883.3,-487292793.6,-1.788139343e-07,-18875910.33,-3.20481121e-16,-0.03383054528,-18875910.33,-0.03383054528,1.962120441,17.03787956,1,8.47892,0,0,-468416883.3,-468416883.3,0,-479276016,176,37.52524686
1251,0,-468416883.3,-470329828.7,-1.192092896e-07,-1912945.425,-2.136540807e-16,-0.0034284962,-1912945.425,-0.0034284962,1.585090999,1.585090999,0.24911,0.41955,0,0,-468416883.3,-468416883.3,0,-479276016,177,37.59299994
1252,0,-468416883.3,-472002705.1,-1.192092896e-07,-3585821.805,-2.136540807e-16,-0.006426726173,-3585821.805,-0.006426726173,1.585090999,28.414909,1,151.711075,0,0,-468416883.3,-468416883.3,0,-479276016,178,37.60975409
1253,0,-468850478.2,-469409836.1,-433594.8927,-992952.8117,-0.0007771149257,-0.001779629934,-559357.919,-0.001002515009,1.019063846,1.019063846,0.05482,0.085535,0,0,-468416883.3,-468416883.3,0,-479276016,179,37.63320827
1254,0,-470549637.8,-484524185.2,-2132754.45,-16107301.9,-0.003822451195,-0.02886847823,-13974547.45,-0.02504602703,0.5421779278,10.45782207,1,63.13424,0,0,-468416883.3,-468416883.3,0,-479276016,180,37.6549859
1255,0,-468927936.5,-465015472.7,-511053.2105,3401410.577,-0.0009159403958,0.006096213245,3912463.788,0.007012153641,1.352217502,1.352217502,0.030715,0.046255,0,0,-468416883.3,-468416883.3,0,-479276016,181,37.67209291
1256,0,-468416883.3,-472833951.6,-5.960464478e-08,-4417068.299,-1.068270403e-16,-0.00791653629,-4417068.299,-0.00791653629,0.8593910814,20.14060892,1,112.807185,0,0,-468416883.3,-468416883.3,0,-479276016,182,37.69319987
1257,0,-475158271.7,-474023275.9,-6741388.4,-5606392.621,-0.012082323,-0.01004811509,1134995.779,0.002034207911,0.5660383105,0.5660383105,0.05482,0.085535,0,0,-468416883.3,-468416883.3,0,-479276016,183,37.72002006
1258,0,-475163077.6,-475865827.2,-6746194.259,-7448943.879,-0.01209093635,-0.01335044662,-702749.6197,-0.001259510266,0.5421779278,29.45782207,1,172.4895,0,0,-468416883.3,-468416883.3,0,-479276016,184,37.73677206
1259,0,-469860506.8,-469195125.3,-1443623.5,-778242.0034,-0.002587349132,-0.00139481227,665381.497,0.001192536862,0.7423387725,0.7423387725,0.05315,0.06869,0,0,-468416883.3,-468416883.3,0,-479276016,185,37.75404644
1260,0,-469728153.5,-478058571,-1311270.202,-9641687.709,-0.002350137565,-0.0172804144,-8330417.507,-0.01493027683,0.6120630767,25.38793692,1,129.970625,0,0,-468416883.3,-468416883.3,0,-479276016,186,37.77168536
1261,0,-474787829.8,-473652834,-6370946.479,-5235950.7,-0.01141839464,-0.009384186731,1134995.779,0.002034207911,0.5660383105,0.5660383105,0.05482,0.085535,0,0,-468416883.3,-468416883.3,0,-479276016,187,37.78842902
1262,0,-474792635.7,-488609301.7,-6375752.338,-20192418.41,-0.01142700799,-0.0361900705,-13816666.08,-0.0247630625,0.5421779278,13.45782207,1,85.75768,0,0,-468416883.3,-468416883.3,0,-479276016,188,37.80523276
1263,0,-473170934.4,-469258470.6,-4754051.099,-841587.311,-0.008520497193,-0.001508343552,3912463.788,0.007012153641,1.352217502,1.352217502,0.030715,0.046255,0,0,-468416883.3,-468416883.3,0,-479276016,189,37.82240462
1264,0,-469719088.5,-479987780.5,-1302205.143,-11570897.2,-0.00233389062,-0.02073806003,-10268692.06,-0.01840416942,0.3583456807,22.64165432,1,139.136275,0,0,-468416883.3,-468416883.3,0,-479276016,190,37.84012842
1265,0,-474485501.6,-473219046.8,-6068618.29,-4802163.471,-0.01087654382,-0.008606727089,1266454.819,0.002269816732,0.5660383105,0.5660383105,0.05482,0.05482,0,0,-468416883.3,-468416883.3,0,-479276016,191,37.85722923
1266,0,-474415081.6,-487841238.5,-5998198.238,-19424355.15,-0.01075033275,-0.03481350118,-13426156.91,-0.02406316842,0.2629887263,14.73701127,1,108.363675,0,0,-468416883.3,-468416883.3,0,-479276016,192,37.87376094
1267,0,-472798186.2,-468824683.4,-4381302.857,-407800.0824,-0.007852435306,-0.0007308839104,3973502.775,0.007121551395,1.049167918,1.049167918,0.01554,0.01554,0,0,-468416883.3,-468416883.3,0,-479276016,193,37.89017105
1268,0,-469341534.4,-470864898.9,-924651.0421,-2448015.617,-0.001657215382,-0.004387481278,-1523364.575,-0.002730265896,0.07915647922,17.92084352,1,115.90221,0,0,-468416883.3,-468416883.3,0,-479276016,194,37.90771914
1269,0,-470821728.4,-471285855.4,-2404845.096,-2868972.04,-0.004310108467,-0.005141944775,-464126.9433,-0.0008318363087,0.13161687,0.13161687,0.0274,0.0274,0,0,-468416883.3,-468416883.3,0,-479276016,195,37.9242053
1270,0,-470821728.4,-473884833.3,-2404845.096,-5467949.988,-0.004310108467,-0.009799989851,-3063104.892,-0.005489881385,0.13161687,12.86838313,1,78.25897,0,0,-468416883.3,-468416883.3,0,-479276016,196,37.9383812
1271,0,-468476606.3,-463211651.3,-59722.97222,5205232.048,-0.0001070391139,0.009329130911,5264955.021,0.009436170025,1.355769728,1.355769728,0.1289,0.15657,0,0,-468416883.3,-468416883.3,0,-479276016,197,37.95484138
1272,0,-468625333.8,-467759506.9,-208450.4968,657376.3932,-0.0003735975562,0.001178189632,865826.89,0.001551787188,0.8624198026,0.8624198026,0.1289,0.1289,0,0,-468416883.3,-468416883.3,0,-479276016,198,37.97101569
1273,0,-469784497,-475922143.4,-1367613.706,-7505260.098,-0.002451119793,-0.01345137994,-6137646.392,-0.01100026015,0.6075385361,10.39246146,1,43.407455,0,0,-468416883.3,-468416883.3,0,-479276016,199,37.98537159
1274,0,-473455821,-475354167.3,-5038937.657,-6937284.021,-0.009031088069,-0.01243341895,-1898346.365,-0.003402330883,0.864648707,0.864648707,0.09788,0.16231,0,0,-468416883.3,-468416883.3,0,-479276016,200,38.00166535
1275,0,-472528798.9,-469438928.6,-4111915.585,-1022045.325,-0.007369623184,-0.001831771292,3089870.26,0.005537851892,0.5790073307,29.42099267,1,167.22964,0,0,-468416883.3,-468416883.3,0,-479276016,201,38.0182662
1276,0,-474415081.6,-481441865.8,-5998198.238,-13024982.49,-0.01075033275,-0.02334415943,-7026784.257,-0.01259382667,0.2629887263,332.7370113,1.38365,2028.76033,0,0,-468416883.3,-468416883.3,0,-479276016,202,38.03515005
1277,0,-468416883.3,-470801345.1,5.960464478e-08,-2384461.816,1.068270403e-16,-0.004273576321,-2384461.816,-0.004273576321,6.161621105,6.161621105,0.12306,0.267955,0,0,-468416883.3,-468416883.3,0,-479276016,203,38.11227417
1278,0,-468416883.3,-463820098.9,5.960464478e-08,4596784.422,1.068270403e-16,0.008238634366,4596784.422,0.008238634366,2.426899087,2.426899087,0.06647,0.20886,0,0,-468416883.3,-468416883.3,0,-479276016,204,38.29934335
1279,0,-468416883.3,-469973056,-5.960464478e-08,-1556172.726,-1.068270403e-16,-0.002789066645,-1556172.726,-0.002789066645,1.520497832,1.520497832,0.06647,0.182675,0,0,-468416883.3,-468416883.3,0,-479276016,205,38.32334375
1280,0,-469150968.3,-468225477.3,-734085.0149,191405.9901,-0.001315671451,0.0003430493631,925491.0051,0.001658720814,1.18958164,12.81041836,1,35.31428,0,0,-468416883.3,-468416883.3,0,-479276016,206,38.3646245
1281,0,-468416883.3,-461861985.9,1.192092896e-07,6554897.446,2.136540807e-16,0.01174808266,6554897.446,0.01174808266,5.130667513,5.130667513,0.09817,0.21911,0,0,-468416883.3,-468416883.3,0,-479276016,207,38.38484955
1282,0,-468416883.3,-499769849.3,-5.960464478e-08,-31352965.94,-1.068270403e-16,-0.05619267709,-31352965.94,-0.05619267709,2.167953136,13.83204686,1,56.766075,0,0,-468416883.3,-468416883.3,0,-479276016,208,38.40645051
1283,0,-487486183,-485972610.8,-19069299.7,-17555727.44,-0.03417714938,-0.03146443386,1513572.262,0.002712715523,0.8762593829,0.8762593829,0.02601,0.060185,0,0,-468416883.3,-468416883.3,0,-479276016,209,38.42849588
1284,0,-485452638.4,-471971343.6,-17035755.11,-3554460.26,-0.03053250808,-0.00637051812,13481294.85,0.02416198996,0.5098234691,24.49017653,1,140.11433,0,0,-468416883.3,-468416883.3,0,-479276016,210,38.44609737
1285,0,-474851328.8,-472985994.1,-6434445.434,-4569110.811,-0.0115322013,-0.008189036051,1865334.623,0.003343165247,1.570451867,1.570451867,0.1543,0.26618,0,0,-468416883.3,-468416883.3,0,-479276016,211,38.46353865
1286,0,-474695426.9,-483351576.2,-6278543.589,-14934692.92,-0.01125278461,-0.02676685766,-8656149.327,-0.01551407305,1.564010908,23.43598909,1,132.201655,0,0,-468416883.3,-468416883.3,0,-479276016,212,38.48019791
1287,0,-479366755.3,-479124923,-10949872.02,-10708039.67,-0.01962502125,-0.01919159471,241832.3568,0.0004334265397,0.480884674,0.480884674,0.02601,0.05241,0,0,-468416883.3,-468416883.3,0,-479276016,213,38.49860311
1288,0,-478875229.1,-472153204.7,-10458345.79,-3736321.419,-0.01874407828,-0.006696460661,6722024.37,0.01204761762,0.4350266902,26.56497331,1,149.70244,0,0,-468416883.3,-468416883.3,0,-479276016,214,38.5164938
1289,0,-468416883.3,-466488642.9,-5.960464478e-08,1928240.457,-1.068270403e-16,0.003455908879,1928240.457,0.003455908879,1.253858921,1.253858921,0.05411,0.08967,0,0,-468416883.3,-468416883.3,0,-479276016,215,38.537076
1290,0,-468416883.3,-482785504.4,-5.960464478e-08,-14368621.09,-1.068270403e-16,-0.02575230958,-14368621.09,-0.02575230958,0.9963145686,11.00368543,1,27.801925,0,0,-468416883.3,-468416883.3,0,-479276016,216,38.56217575
1291,0,-479889599.3,-474949572.4,-11472715.95,-6532689.032,-0.02056209368,-0.0117082794,4940026.918,0.008853814275,3.02923948,3.02923948,0.16375,0.223765,0,0,-468416883.3,-468416883.3,0,-479276016,217,38.58267784
1292,0,-476839418.2,-482345667.3,-8422534.835,-13928783.94,-0.01509537507,-0.02496400691,-5506249.107,-0.009868631843,1.398554499,20.6014455,1,128.1544,0,0,-468416883.3,-468416883.3,0,-479276016,218,38.6017096
1293,0,-478895554.7,-478349288.6,-10478671.37,-9932405.318,-0.01878050702,-0.01780145604,546266.0556,0.0009790509813,1.24601849,1.24601849,0.05411,0.09028,0,0,-468416883.3,-468416883.3,0,-479276016,219,38.6194756
1294,0,-478904663.1,-481462421.5,-10487779.81,-13045538.18,-0.0187968317,-0.02338100057,-2557758.377,-0.004584168873,1.174505963,10.82549404,1,41.364415,0,0,-468416883.3,-468416883.3,0,-479276016,220,38.6368084
1295,0,-479815178.1,-480054775.4,-11398294.79,-11637892.08,-0.02042871158,-0.02085813231,-239597.2956,-0.0004294207281,2.152659138,2.152659138,0.11556,0.142635,0,0,-468416883.3,-468416883.3,0,-479276016,221,38.6543324
1296,0,-479507422.6,-479502089.3,-11090539.27,-11085205.94,-0.01987713358,-0.01986757485,5333.335868,9.558726304e-06,0.3607847338,0.3607847338,0.0193,0.033455,0,0,-468416883.3,-468416883.3,0,-479276016,222,38.67210722
1297,0,-479405089.8,-483420037.1,-10988206.44,-15003153.75,-0.0196937265,-0.0268895573,-4014947.312,-0.007195830796,0.3182393078,13.68176069,1,58.44545,0,0,-468416883.3,-468416883.3,0,-479276016,223,38.68902254
1298,0,-475471776.5,-472696520.3,-7054893.205,-4279636.966,-0.01264420523,-0.007670223562,2775256.239,0.004973981663,2.243796482,2.243796482,0.16375,0.248655,0,0,-468416883.3,-468416883.3,0,-479276016,224,38.70657039
1299,0,-474915370.1,-473631690,-6498486.763,-5214806.698,-0.01164698003,-0.009346291174,1283680.066,0.002300688859,2.123859484,7.876140516,0.25823,0.427545,0,0,-468416883.3,-468416883.3,0,-479276016,225,38.72405744
1300,0,-469826517.5,-468132723,-1409634.205,284160.3646,-0.002526431466,0.000509289349,1693794.57,0.003035720815,1.980291467,1.980291467,0.114115,0.13486,0,0,-468416883.3,-468416883.3,0,-479276016,226,38.74138355
1301,0,-468416883.3,-467580036.8,-1.788139343e-07,836846.512,-3.20481121e-16,0.001499846806,836846.512,0.001499846806,0.4019475288,0.4019475288,0.020745,0.027125,0,0,-468416883.3,-468416883.3,0,-479276016,227,38.75926328
1302,0,-468416883.3,-483624029,-2.384185791e-07,-15207145.66,-4.273081613e-16,-0.0272551639,-15207145.66,-0.0272551639,0.3537242089,20.64627579,1,121.42267,0,0,-468416883.3,-468416883.3,0,-479276016,228,38.77702117
1303,0,-483498882.6,-487677177.8,-15081999.23,-19260294.46,-0.02703086893,-0.03451946172,-4178295.232,-0.007488592792,1.560548147,1.560548147,0.1543,0.216675,0,0,-468416883.3,-468416883.3,0,-479276016,229,38.7974565
1304,0,-484370063.9,-481144079.5,-15953180.54,-12727196.19,-0.02859225263,-0.02281044885,3225984.35,0.005781803778,1.145658044,9.854341956,1,38.858935,0,0,-468416883.3,-468416883.3,0,-479276016,230,38.81586838
1305,0,-476556176,-474154343.4,-8139292.687,-5737460.031,-0.0145877314,-0.01028302201,2401832.657,0.004304709391,1.473986546,1.473986546,0.16375,0.238605,0,0,-468416883.3,-468416883.3,0,-479276016,231,38.83305264
1306,0,-476556176,-491403033.8,-8139292.687,-22986150.51,-0.0145877314,-0.0411971657,-14846857.82,-0.0266094343,1.473986546,13.52601345,1,77.96494,0,0,-468416883.3,-468416883.3,0,-479276016,232,38.84720993
1307,0,-480158653.5,-480355470.2,-11741770.13,-11938586.91,-0.02104430882,-0.02139705571,-196816.7749,-0.000352746898,0.6941703752,0.6941703752,0.02601,0.032975,0,0,-468416883.3,-468416883.3,0,-479276016,233,38.86460423
1308,0,-478656409.3,-479875305.9,-10239525.94,-11458422.58,-0.01835189615,-0.02053647624,-1218896.641,-0.002184580097,0.2963888447,26.70361116,1,149.73555,0,0,-468416883.3,-468416883.3,0,-479276016,234,38.88252211
1309,0,-468416883.3,-474669787.1,-5.960464478e-08,-6252903.767,-1.068270403e-16,-0.01120683137,-6252903.767,-0.01120683137,2.469786105,2.469786105,0.05411,0.090305,0,0,-468416883.3,-468416883.3,0,-479276016,235,38.90013647
1310,0,-474724724.5,-469562493.4,-6307841.137,-1145610.118,-0.01130529344,-0.002053231569,5162231.018,0.00925206187,0.7549071982,25.2450928,1,140.77197,0,0,-468416883.3,-468416883.3,0,-479276016,236,38.91934919
1311,0,-475120451.9,-475100937.4,-6703568.547,-6684054.055,-0.01201453998,-0.01197956493,19514.49163,3.497504922e-05,0.3059760487,0.3059760487,0.02814,0.03452,0,0,-468416883.3,-468416883.3,0,-479276016,237,38.93687272
1312,0,-475120451.9,-472762538.2,-6703568.547,-4345654.917,-0.01201453998,-0.007788544918,2357913.63,0.004225995061,0.3059760487,14.69402395,1,87.19984,0,0,-468416883.3,-468416883.3,0,-479276016,238,38.9531877
1313,0,-473815288.7,-474664724.9,-5398405.368,-6247841.563,-0.009675347789,-0.01119775858,-849436.1941,-0.001522410794,1.060357105,1.060357105,0.05411,0.087305,0,0,-468416883.3,-468416883.3,0,-479276016,239,38.96993518
1314,0,-474875386.1,-472202772.5,-6458502.777,-3785889.18,-0.01157531832,-0.006785298993,2672613.597,0.004790019328,0.7274258626,11.27257414,1,57.193125,0,0,-468416883.3,-468416883.3,0,-479276016,240,38.98693705
1315,0,-474060354.5,-656437948.3,-5643471.139,-188021065,-0.01011456945,-0.3369826961,-182377593.9,-0.3268681266,0.6389072912,338.6389073,1.409995,2425.349875,0,0,-468416883.3,-468416883.3,0,-479276016,241,39.00379896
1316,0,-468416883.3,-467739813.5,-5.960464478e-08,677069.8174,-1.068270403e-16,0.001213485375,677069.8174,0.001213485375,4.305231799,4.305231799,0.13864,0.230965,0,0,-468416883.3,-468416883.3,0,-479276016,242,39.09157467
1317,0,-468416883.3,-471213431.5,0,-2796548.153,0,-0.005012142317,-2796548.153,-0.005012142317,1.839100348,25.16089965,1,114.805525,0,0,-468416883.3,-468416883.3,0,-479276016,243,39.25005364
1318,0,-468416883.3,-473641810.6,-5.960464478e-08,-5224927.258,-1.068270403e-16,-0.009364429854,-5224927.258,-0.009364429854,2.587123626,2.587123626,0.14182,0.22438,0,0,-468416883.3,-468416883.3,0,-479276016,244,39.2850771
1319,0,-468990045.6,-459666082.4,-573162.2537,8750800.971,-0.00102725597,0.01568371344,9323963.224,0.01671096941,1.654859035,19.34514096,1,114.97407,0,0,-468416883.3,-468416883.3,0,-479276016,245,39.30790448
1320,0,-468416883.3,-467311920.8,5.960464478e-08,1104962.513,1.068270403e-16,0.001980380478,1104962.513,0.001980380478,0.7969363093,0.7969363093,0.044235,0.068795,0,0,-468416883.3,-468416883.3,0,-479276016,246,39.33581161
1321,0,-468416883.3,-485547691.3,5.960464478e-08,-17130808.02,1.068270403e-16,-0.03070286765,-17130808.02,-0.03070286765,0.7969363093,9.203063691,1,21.17092,0,0,-468416883.3,-468416883.3,0,-479276016,247,39.35335588
1322,0,-478972999.8,-481873052.1,-10556116.49,-13456168.77,-0.01891930882,-0.02411695748,-2900052.279,-0.005197648656,1.15490896,1.15490896,0.10001,0.234445,0,0,-468416883.3,-468416883.3,0,-479276016,248,39.38886499
1323,0,-478972999.8,-481976132.6,-10556116.49,-13559249.29,-0.01891930882,-0.0243017046,-3003132.798,-0.005382395781,1.15490896,26.84509104,1,155.29061,0,0,-468416883.3,-468416883.3,0,-479276016,249,39.4053359
1324,0,-473649310.9,-474717136.8,-5232427.546,-6300253.45,-0.009377872322,-0.01129169433,-1067825.904,-0.001913822008,1.029472696,1.029472696,0.04468,0.113475,0,0,-468416883.3,-468416883.3,0,-479276016,250,39.42267728
1325,0,-474132383.6,-485129269,-5715500.243,-16712385.72,-0.01024366435,-0.02995294595,-10996885.48,-0.01970928159,0.8584249361,23.14157506,1,124.194815,0,0,-468416883.3,-468416883.3,0,-479276016,251,39.43939757
1326,0,-468416883.3,-479732800.7,-1.192092896e-07,-11315917.34,-2.136540807e-16,-0.02028106975,-11315917.34,-0.02028106975,2.253634967,2.253634967,0.10001,0.24049,0,0,-468416883.3,-468416883.3,0,-479276016,252,39.4574616
1327,0,-476833078.5,-482682599.9,-8416195.203,-14265716.59,-0.0150840128,-0.02556787793,-5849521.388,-0.01048386514,1.24773991,13.75226009,1,75.836995,0,0,-468416883.3,-468416883.3,0,-479276016,253,39.47615981
1328,0,-472521428.2,-473373907.6,-4104544.891,-4957024.305,-0.007356412982,-0.008884278018,-852479.4137,-0.001527865036,1.204457945,1.204457945,0.04784,0.136755,0,0,-468416883.3,-468416883.3,0,-479276016,254,39.49317408
1329,0,-472970690.7,-486189173.2,-4553807.384,-17772289.87,-0.008161608327,-0.03185257011,-13218482.49,-0.02369096179,0.9803852462,25.01961475,1,138.42392,0,0,-468416883.3,-468416883.3,0,-479276016,255,39.50957179
1330,0,-468416883.3,-478366690,-1.788139343e-07,-9949806.713,-3.20481121e-16,-0.01783264387,-9949806.713,-0.01783264387,2.607502963,2.607502963,0.10001,0.26546,0,0,-468416883.3,-468416883.3,0,-479276016,256,39.5262382
1331,0,-475890945.2,-481592049,-7474061.873,-13175165.72,-0.0133954646,-0.02361332687,-5701103.849,-0.01021786227,1.39972723,15.60027277,1,104.31173,0,0,-468416883.3,-468416883.3,0,-479276016,257,39.54355097
1332,0,-472521428.2,-617115404.6,-4104544.891,-148698521.3,-0.007356412982,-0.2665064609,-144593976.4,-0.2591500479,1.204457945,322.5900282,1,2130.63761,0,0,-468416883.3,-468416883.3,0,-479276016,258,39.56013203
1333,0,-468416883.3,-479605115.1,-5.960464478e-08,-11188231.75,-1.068270403e-16,-0.02005222393,-11188231.75,-0.02005222393,5.50416591,5.50416591,0.141755,0.249265,0,0,-468416883.3,-468416883.3,0,-479276016,259,39.62315297
1334,0,-476521721.4,-479456025.3,-8104838.054,-11039141.94,-0.01452597973,-0.01978501618,-2934303.887,-0.005259036454,1.119799564,1.119799564,0.05709,0.13791,0,0,-468416883.3,-468416883.3,0,-479276016,260,39.76998925
1335,0,-476521721.4,-464198132.6,-8104838.054,4218750.708,-0.01452597973,0.007561099537,12323588.76,0.02208707927,1.119799564,20.88020044,1,113.24082,0,0,-468416883.3,-468416883.3,0,-479276016,261,39.7821455
1336,0,-468416883.3,-470127844.4,-5.960464478e-08,-1710961.107,-1.068270403e-16,-0.00306648772,-1710961.107,-0.00306648772,1.478850428,1.478850428,0.14413,0.18899,0,0,-468416883.3,-468416883.3,0,-479276016,262,39.80393624
1337,0,-471878988.8,-471498613.6,-3462105.46,-3081730.305,-0.006204994275,-0.005523262974,380375.155,0.000681731301,1.139619717,10.86038028,1,37.869015,0,0,-468416883.3,-468416883.3,0,-479276016,263,39.82271957
1338,0,-471995319.2,-473506698.6,-3578435.898,-5089815.263,-0.006413488704,-0.009122273984,-1511379.365,-0.00270878528,1.73936104,1.73936104,0.0304,0.0304,0,0,-468416883.3,-468416883.3,0,-479276016,264,39.84002566
1339,0,-473562355,-479714272.9,-5145471.687,-11297389.57,-0.009222024786,-0.02024786316,-6151917.881,-0.01102583837,0.2763259556,27.72367404,1,172.53723,0,0,-468416883.3,-468416883.3,0,-479276016,265,39.85774207
1340,0,-472002735.3,-471073194.5,-3585851.968,-2656311.223,-0.006426780233,-0.00476080123,929540.7455,0.001665979004,0.6658726349,0.6658726349,0.0304,0.05116,0,0,-468416883.3,-468416883.3,0,-479276016,266,39.87510753
1341,0,-470383689.5,-479225192.9,-1966806.154,-10808309.59,-0.003525028647,-0.01937130451,-8841503.433,-0.01584627586,0.4635553928,27.53644461,1,172.21999,0,0,-468416883.3,-468416883.3,0,-479276016,267,39.89610267
1342,0,-468416883.3,-465207989,0,3208894.323,0,0.005751174,3208894.323,0.005751174,2.115318759,2.115318759,0.11778,0.19329,0,0,-468416883.3,-468416883.3,0,-479276016,268,39.91435814
1343,0,-468416883.3,-472189235.2,-1.192092896e-07,-3772351.914,-2.136540807e-16,-0.006761036688,-3772351.914,-0.006761036688,1.197225723,1.197225723,0.11778,0.15549,0,0,-468416883.3,-468416883.3,0,-479276016,269,39.93589139
1344,0,-469699368.7,-476648540.1,-1282485.421,-8231656.818,-0.002298547744,-0.01475327197,-6949171.397,-0.01245472422,0.95966238,25.04033762,1,148.36426,0,0,-468416883.3,-468416883.3,0,-479276016,270,39.95461273
1345,0,-468416883.3,-466585634.4,-2.980232239e-07,1831248.958,-5.341352017e-16,0.003282074862,1831248.958,0.003282074862,0.8984665785,0.8984665785,0.06607,0.11649,0,0,-468416883.3,-468416883.3,0,-479276016,271,39.97322345
1346,0,-468416883.3,-472011405.1,-1.788139343e-07,-3594521.813,-3.20481121e-16,-0.006442318851,-3594521.813,-0.006442318851,0.8984665785,15.10153342,1,101.27512,0,0,-468416883.3,-468416883.3,0,-479276016,272,39.99141765
1347,0,-469442463.7,-471755448,-1025580.391,-3338564.686,-0.00183810705,-0.005983577046,-2312984.295,-0.004145469997,1.775187536,1.775187536,0.11778,0.20035,0,0,-468416883.3,-468416883.3,0,-479276016,273,40.00934792
1348,0,-469221082.1,-476029004.9,-804198.7754,-7612121.616,-0.001441333563,-0.0136429036,-6807922.84,-0.01220157004,1.512685143,13.48731486,1,58.1853,0,0,-468416883.3,-468416883.3,0,-479276016,274,40.02673054
1349,0,-468911598.5,-472107048,-494715.1949,-3690164.727,-0.0008866584186,-0.006613735852,-3195449.532,-0.005727077433,2.71448893,2.71448893,0.15742,0.313675,0,0,-468416883.3,-468416883.3,0,-479276016,275,40.04503226
1350,0,-469202852.8,-471905632.2,-785969.4663,-3488748.886,-0.001408661895,-0.006252746231,-2702779.42,-0.004844084335,1.878671682,1.878671682,0.15742,0.278005,0,0,-468416883.3,-468416883.3,0,-479276016,276,40.06216049
1351,0,-472862464.9,-476783905.5,-4445581.588,-8367022.191,-0.007967639526,-0.01499588196,-3921440.603,-0.00702824243,1.75529416,14.24470584,1,86.40233,0,0,-468416883.3,-468416883.3,0,-479276016,277,40.07860732
1352,0,-470206400.6,-475157376.5,-1789517.259,-6740493.167,-0.003207280794,-0.01208071851,-4950975.908,-0.008873437716,2.538645731,2.538645731,0.12548,0.33638,0,0,-468416883.3,-468416883.3,0,-479276016,278,40.09587002
1353,0,-471048280.9,-469910562.1,-2631397.598,-1493678.79,-0.004716149529,-0.002677061242,1137718.808,0.002039088287,1.302615065,1.302615065,0.11778,0.15062,0,0,-468416883.3,-468416883.3,0,-479276016,279,40.11285639
1354,0,-468959875.1,-473797818.6,-542991.7992,-5380935.246,-0.0009731826613,-0.009644036781,-4837943.446,-0.008670854119,0.9045819633,27.09541804,1,164.338065,0,0,-468416883.3,-468416883.3,0,-479276016,280,40.12706804
1355,0,-468416883.3,-467149518.9,0,1267364.469,0,0.002271447061,1267364.469,0.002271447061,0.6857101395,0.6857101395,0.05042,0.08118,0,0,-468416883.3,-468416883.3,0,-479276016,281,40.14615941
1356,0,-468416883.3,-486823925.4,0,-18407042.05,0,-0.03299021126,-18407042.05,-0.03299021126,0.6857101395,27.31428986,1,152.65539,0,0,-468416883.3,-468416883.3,0,-479276016,282,40.16557336
1357,0,-475032949.6,-473600404.9,-6616066.318,-5183521.552,-0.01185771321,-0.009290220048,1432544.767,0.002567493157,1.861227381,1.861227381,0.15908,0.363805,0,0,-468416883.3,-468416883.3,0,-479276016,283,40.1929493
1358,0,-474962460.2,-485119623.4,-6545576.834,-16702740.04,-0.0117313777,-0.02993565838,-10157163.2,-0.01820428068,1.524482531,16.47551747,1,112.15046,0,0,-468416883.3,-468416883.3,0,-479276016,284,40.21102452
1359,0,-478865327.8,-483219756.1,-10448444.52,-14802872.78,-0.01872633263,-0.02653060166,-4354428.26,-0.007804269032,1.416609687,1.416609687,0.14413,0.26751,0,0,-468416883.3,-468416883.3,0,-479276016,285,40.22768903
1360,0,-478914471.6,-478087353.9,-10497588.28,-9670470.566,-0.01881441104,-0.01733200077,827117.716,0.001482410271,1.399208724,12.60079128,1,87.15254,0,0,-468416883.3,-468416883.3,0,-479276016,286,40.24461484
1361,0,-474787346.2,-525532929.1,-6370462.863,-57116045.75,-0.01141752788,-0.102366823,-50745582.89,-0.09094929515,1.541075915,330.1293689,1.327455,2139.760515,0,0,-468416883.3,-468416883.3,0,-479276016,287,40.26121736
1362,0,-468416883.3,-473394665.6,2.980232239e-07,-4977782.31,5.341352017e-16,-0.008921481767,-4977782.31,-0.008921481767,6.163483491,6.163483491,0.15174,0.24216,0,0,-468416883.3,-468416883.3,0,-479276016,288,40.3307178
1363,0,-470626193.8,-470886569.1,-2209310.508,-2469685.756,-0.003959659581,-0.004426319808,-260375.2478,-0.0004666602276,1.247051551,27.75294845,1,159.09474,0,0,-468416883.3,-468416883.3,0,-479276016,289,40.51153326
1364,0,-472396819.9,-475942015.7,-3979936.62,-7525132.336,-0.007133082522,-0.01348699617,-3545195.716,-0.006353913645,3.451627259,3.451627259,0.15174,0.162075,0,0,-468416883.3,-468416883.3,0,-479276016,290,40.53080153
1365,0,-470970369.2,-471962078,-2553485.866,-3545194.647,-0.004576511422,-0.00635391173,-991708.7812,-0.001777400308,1.106371023,1.106371023,0.15174,0.15174,0,0,-468416883.3,-468416883.3,0,-479276016,291,40.54945421
1366,0,-468824000.4,-468866890.9,-407117.031,-450007.5744,-0.0007296597045,-0.0008065307239,-42890.54337,-7.687101943e-05,0.7284161006,15.2715839,1,117.59785,0,0,-468416883.3,-468416883.3,0,-479276016,292,40.56639552
1367,0,-468416883.3,-465476882.7,2.980232239e-07,2940000.615,5.341352017e-16,0.005269246473,2940000.615,0.005269246473,1.537027021,1.537027021,0.20401,0.293755,0,0,-468416883.3,-468416883.3,0,-479276016,293,40.58407903
1368,0,-468416883.3,-477508316.5,2.980232239e-07,-9091433.154,5.341352017e-16,-0.01629421499,-9091433.154,-0.01629421499,1.022438272,10.97756173,1,72.88933,0,0,-468416883.3,-468416883.3,0,-479276016,294,40.60183716
1369,0,-468416883.3,-470618754.9,2.980232239e-07,-2201871.604,5.341352017e-16,-0.003946327128,-2201871.604,-0.003946327128,0.5763799217,0.5763799217,0.07699,0.07699,0,0,-468416883.3,-468416883.3,0,-479276016,295,40.61898375
1370,0,-468939026.4,-476853192.2,-522143.0988,-8436308.922,-0.0009358163628,-0.01512006182,-7914165.824,-0.01418424545,0.3693451667,12.63065483,1,93.34885,0,0,-468416883.3,-468416883.3,0,-479276016,296,40.63674688
1371,0,-468619971.1,-524780653.3,-203087.7892,-56363770,-0.0003639861882,-0.101018549,-56160682.21,-0.1006545629,1.023786822,329.3412623,2.08279,2053.406605,0,0,-468416883.3,-468416883.3,0,-479276016,297,40.6533463
1372,0,-468416883.3,-475280297.6,0,-6863414.26,0,-0.01230102511,-6863414.26,-0.01230102511,7.744292729,7.744292729,0.0939,0.28797,0,0,-468416883.3,-468416883.3,0,-479276016,298,40.73831105
1373,0,-473224655.6,-471948808,-4807772.309,-3531924.688,-0.008616779586,-0.006330128508,1275847.621,0.002286651078,2.058329938,2.058329938,0.0939,0.296825,0,0,-468416883.3,-468416883.3,0,-479276016,299,40.93147779
1374,0,-473224655.6,-471389836.1,-4807772.309,-2972952.779,-0.008616779586,-0.00532830533,1834819.53,0.003288474256,2.058329938,27.94167006,1,140.442215,0,0,-468416883.3,-468416883.3,0,-479276016,300,40.94799185
1375,0,-468416883.3,-464031330.6,-1.788139343e-07,4385552.741,-3.20481121e-16,0.007860052203,4385552.741,0.007860052203,1.936580981,1.936580981,0.09013,0.19877,0,0,-468416883.3,-468416883.3,0,-479276016,301,40.96999931
1376,0,-468416883.3,-486820340.8,-1.788139343e-07,-18403457.52,-3.20481121e-16,-0.03298378686,-18403457.52,-0.03298378686,1.444773238,18.55522676,1,91.47607,0,0,-468416883.3,-468416883.3,0,-479276016,302,40.99016595
1377,0,-472903828.3,-474740745,-4486944.96,-6323861.642,-0.008041773456,-0.01133400635,-1836916.682,-0.003292232899,1.753525618,1.753525618,0.13424,0.19024,0,0,-468416883.3,-468416883.3,0,-479276016,303,41.0119102
1378,0,-472194659.7,-470672433,-3777776.377,-2255549.66,-0.006770758737,-0.004042532178,1522226.717,0.002728226559,0.8326269746,0.8326269746,0.031335,0.056,0,0,-468416883.3,-468416883.3,0,-479276016,304,41.02897978
1379,0,-470749703.5,-475941022.7,-2332820.147,-7524139.353,-0.004181021007,-0.01348521648,-5191319.207,-0.009304195476,0.477453567,18.52254643,1,112.445105,0,0,-468416883.3,-468416883.3,0,-479276016,305,41.04558778
1380,0,-472678219.9,-474894587.9,-4261336.578,-6477704.57,-0.007637424504,-0.01160973293,-2216367.992,-0.003972308429,1.853063263,1.853063263,0.13424,0.20618,0,0,-468416883.3,-468416883.3,0,-479276016,306,41.0630362
1381,0,-472128627.2,-470826275.9,-3711743.882,-2409392.589,-0.006652411316,-0.004318258757,1302351.293,0.002334152559,1.111415035,1.111415035,0.031335,0.07194,0,0,-468416883.3,-468416883.3,0,-479276016,307,41.08025193
1382,0,-470683671,-467652368.8,-2266787.652,764514.5437,-0.004062673586,0.001370209089,3031302.196,0.005432882674,0.7562416276,10.24375837,1,16.678775,0,0,-468416883.3,-468416883.3,0,-479276016,308,41.09674644
1383,0,-471918778.7,-474802563.7,-3501895.42,-6385680.351,-0.006276308243,-0.01144480158,-2883784.931,-0.005168493333,1.928189977,1.928189977,0.13424,0.181955,0,0,-468416883.3,-468416883.3,0,-479276016,309,41.11457324
1384,0,-472281286.9,-470734251.7,-3864403.59,-2317368.37,-0.006926017254,-0.004153327399,1547035.22,0.002772689855,0.7767335445,0.7767335445,0.023415,0.047715,0,0,-468416883.3,-468416883.3,0,-479276016,310,41.13274932
1385,0,-470836330.7,-475761728,-2419447.36,-7344844.655,-0.004336279524,-0.01316387371,-4925397.296,-0.008827594184,0.4215601369,23.57843986,1,132.42814,0,0,-468416883.3,-468416883.3,0,-479276016,311,41.14934802
1386,0,-468416883.3,-468094967.8,-2.980232239e-07,321915.5367,-5.341352017e-16,0.0005769564462,321915.5367,0.0005769564462,1.311010633,1.311010633,0.075,0.12975,0,0,-468416883.3,-468416883.3,0,-479276016,312,41.16699243
1387,0,-468416883.3,-469618502,-1.788139343e-07,-1201618.691,-3.20481121e-16,-0.002153613513,-1201618.691,-0.002153613513,1.13269679,16.86730321,1,94.52148,0,0,-468416883.3,-468416883.3,0,-479276016,313,41.1858108
1388,0,-468918865.2,-467925929,-501981.9256,490954.3324,-0.0008996822917,0.0008799179741,992936.258,0.001779600266,1.12593515,1.12593515,0.09013,0.14931,0,0,-468416883.3,-468416883.3,0,-479276016,314,41.20408177
1389,0,-468968072.8,-467885235.6,-551189.4704,531647.7137,-0.0009878750224,0.000952851107,1082837.184,0.001940726129,0.9593956447,14.04060436,1,87.35561,0,0,-468416883.3,-468416883.3,0,-479276016,315,41.21845055
1390,0,-468416883.3,-464951176,-1.788139343e-07,3465707.298,-3.20481121e-16,0.006211449706,3465707.298,0.006211449706,1.317230295,1.317230295,0.07135,0.1261,0,0,-468416883.3,-468416883.3,0,-479276016,316,41.23708653
1391,0,-468416883.3,-474527431.7,-1.192092896e-07,-6110548.405,-2.136540807e-16,-0.0109516935,-6110548.405,-0.0109516935,1.160837673,19.83916233,1,112.14747,0,0,-468416883.3,-468416883.3,0,-479276016,317,41.2550528
1392,0,-469100464.3,-468611239.8,-683580.9682,-194356.478,-0.001225155052,-0.0003483374054,489224.4902,0.0008768176464,1.732254588,1.732254588,0.09013,0.14931,0,0,-468416883.3,-468416883.3,0,-479276016,318,41.27914834
1393,0,-468416883.3,-465044198,-1.788139343e-07,3372685.336,-3.20481121e-16,0.006044730135,3372685.336,0.006044730135,0.9593956447,15.04060436,1,89.400345,0,0,-468416883.3,-468416883.3,0,-479276016,319,41.2974236
1394,0,-468416883.3,-465636486.8,-1.788139343e-07,2780396.487,-3.20481121e-16,0.004983194327,2780396.487,0.004983194327,1.168829936,1.168829936,0.056975,0.136995,0,0,-468416883.3,-468416883.3,0,-479276016,320,41.31547976
1395,0,-468416883.3,-469745701.4,-5.960464478e-08,-1328818.069,-1.068270403e-16,-0.002381587912,-1328818.069,-0.002381587912,0.9900098939,22.00999011,1,119.1736,0,0,-468416883.3,-468416883.3,0,-479276016,321,41.33310604
1396,0,-474372314.2,-475140723.7,-5955430.922,-6723840.417,-0.01067368259,-0.01205087245,-768409.4953,-0.001377189856,0.6929925038,0.6929925038,0.023415,0.05918,0,0,-468416883.3,-468416883.3,0,-479276016,322,41.35108662
1397,0,-474421521.8,-473726539.8,-6004638.467,-5309656.485,-0.01076187532,-0.009516286685,694981.9818,0.001245588636,0.5264529989,28.473547,1,166.722425,0,0,-468416883.3,-468416883.3,0,-479276016,323,41.36759424
1398,0,-468416883.3,-612948629,-1.788139343e-07,-144531745.7,-3.20481121e-16,-0.2590385143,-144531745.7,-0.2590385143,1.168829936,336.8812311,1.282085,2285.475765,0,0,-468416883.3,-468416883.3,0,-479276016,324,41.38512111
1399,0,-468416883.3,-468869906.9,-1.192092896e-07,-453023.5908,-2.136540807e-16,-0.0008119362104,-453023.5908,-0.0008119362104,3.903336277,3.903336277,0.13172,0.290715,0,0,-468416883.3,-468416883.3,0,-479276016,325,41.44795156
1400,0,-468416883.3,-464031609.5,-1.788139343e-07,4385273.789,-3.20481121e-16,0.007859552249,4385273.789,0.007859552249,2.066249192,11.93375081,1,24.878485,0,0,-468416883.3,-468416883.3,0,-479276016,326,41.60740399
1401,0,-468416883.3,-470570502.3,-5.960464478e-08,-2153618.977,-1.068270403e-16,-0.003859845859,-2153618.977,-0.003859845859,3.054559904,3.054559904,0.08759,0.160005,0,0,-468416883.3,-468416883.3,0,-479276016,327,41.62712574
1402,0,-468416883.3,-466890534.2,-1.192092896e-07,1526349.132,-2.136540807e-16,0.002735615,1526349.132,0.002735615,1.454494324,18.54550568,1,116.57324,0,0,-468416883.3,-468416883.3,0,-479276016,328,41.65046072
1403,0,-468416883.3,-474295779.6,-5.960464478e-08,-5878896.23,-1.068270403e-16,-0.0105365125,-5878896.23,-0.0105365125,2.28001047,2.28001047,0.15126,0.15126,0,0,-468416883.3,-468416883.3,0,-479276016,329,41.67182136
1404,0,-473852231.7,-476439706.2,-5435348.381,-8022822.858,-0.009741559285,-0.01437898715,-2587474.478,-0.004637427862,0.7262331565,28.27376684,1,176.0867,0,0,-468416883.3,-468416883.3,0,-479276016,330,41.69275784
1405,0,-469757650.9,-467766295.6,-1340767.59,650587.7091,-0.002403004564,0.001166022542,1991355.299,0.003569027106,0.3731263295,0.3731263295,0.01538,0.01538,0,0,-468416883.3,-468416883.3,0,-479276016,331,41.70986509
1406,0,-468416883.3,-478563467.4,-1.788139343e-07,-10146584.07,-3.20481121e-16,-0.01818532012,-10146584.07,-0.01818532012,0.09810657847,10.90189342,1,59.19714,0,0,-468416883.3,-468416883.3,0,-479276016,332,41.73002481
1407,0,-477605716.6,-477263014.4,-9188833.257,-8846131.049,-0.01646878133,-0.01585456976,342702.2074,0.0006142115714,0.7887024023,0.7887024023,0.13172,0.15896,0,0,-468416883.3,-468416883.3,0,-479276016,333,41.74819374
1408,0,-477605716.6,-442530046.8,-9188833.257,25886836.47,-0.01646878133,0.04639595009,35075669.73,0.06286473142,0.7887024023,20.2112976,1,97.57176,0,0,-468416883.3,-468416883.3,0,-479276016,334,41.76463842
1409,0,-468416883.3,-463867874.2,-5.960464478e-08,4549009.114,-1.068270403e-16,0.008153008577,4549009.114,0.008153008577,2.318145107,2.318145107,0.11513,0.21739,0,0,-468416883.3,-468416883.3,0,-479276016,335,41.7898438
1410,0,-468416883.3,-461043676.5,-5.960464478e-08,7373206.851,-1.068270403e-16,0.01321470615,7373206.851,0.01321470615,1.69810431,1.69810431,0.10226,0.10226,0,0,-468416883.3,-468416883.3,0,-479276016,336,41.82015061
1411,0,-468416883.3,-466159383.1,-5.960464478e-08,2257500.258,-1.068270403e-16,0.004046028159,2257500.258,0.004046028159,1.031434672,1.031434672,0.10226,0.10226,0,0,-468416883.3,-468416883.3,0,-479276016,337,41.837044
1412,0,-468416883.3,-478904150.7,-5.960464478e-08,-10487267.36,-1.068270403e-16,-0.01879591327,-10487267.36,-0.01879591327,0.4956132509,18.50438675,1,124.374575,0,0,-468416883.3,-468416883.3,0,-479276016,338,41.85683823
1413,0,-478367735.5,-480211687.8,-9950852.132,-11794804.52,-0.01783451753,-0.02113936024,-1843952.384,-0.003304842709,0.6156727087,0.6156727087,0.09579,0.09579,0,0,-468416883.3,-468416883.3,0,-479276016,339,41.87723017
1414,0,-478339732.8,-478018284,-9922849.454,-9601400.644,-0.01778432944,-0.01720820949,321448.8107,0.0005761199516,0.4601306562,13.53986934,1,106,0,0,-468416883.3,-468416883.3,0,-479276016,340,41.89784241
1415,0,-476143375.9,-476143375.9,-7726492.534,-7726492.534,-0.01384788606,-0.01384788606,0,0,0,0,0,0,1,0,-468416883.3,-468416883.3,0,-479276016,341,41.91403699
1416,0,-476143375.9,-479790731.4,-7726492.534,-11373848.09,-0.01384788606,-0.02038489674,-3647355.559,-0.006537010679,0,17,1,123.305895,0,0,-468416883.3,-468416883.3,0,-479276016,342,41.9283905
1417,0,-473832904.8,-518705125.6,-5416021.506,-50288242.26,-0.009706920493,-0.09012962168,-44872220.75,-0.08042270119,1.380391968,327.5398693,1.645095,2146.64032,0,0,-468416883.3,-468416883.3,0,-479276016,343,41.94489169
1418,0,-468416883.3,-466834878.3,-5.960464478e-08,1582005.049,-1.068270403e-16,0.002835364892,1582005.049,0.002835364892,2.175361255,2.175361255,0.08515,0.194995,0,0,-468416883.3,-468416883.3,0,-479276016,344,42.02098274
1419,0,-469031739.8,-464946572.6,-614856.5094,3470310.771,-0.001101982931,0.006219700329,4085167.281,0.00732168326,1.02685733,21.97314267,1,113.154685,0,0,-468416883.3,-468416883.3,0,-479276016,345,42.21123934
1420,0,-468416883.3,-467079885.3,5.960464478e-08,1336997.975,1.068270403e-16,0.002396248432,1336997.975,0.002396248432,0.9589028169,0.9589028169,0.037705,0.058335,0,0,-468416883.3,-468416883.3,0,-479276016,346,42.23373103
1421,0,-468416883.3,-476211943.4,2.980232239e-07,-7795060.108,5.341352017e-16,-0.013970777,-7795060.108,-0.013970777,0.7929651009,26.2070349,1,154.74312,0,0,-468416883.3,-468416883.3,0,-479276016,347,42.25963783
1422,0,-468416883.3,-468824265.7,5.960464478e-08,-407382.4136,1.068270403e-16,-0.0007301353393,-407382.4136,-0.0007301353393,1.920895448,1.920895448,0.06168,0.15576,0,0,-468416883.3,-468416883.3,0,-479276016,348,42.29799032
1423,0,-469083856.3,-471619456.1,-666972.9671,-3202572.739,-0.00119538919,-0.005739844075,-2535599.772,-0.004544454884,1.123796461,22.87620354,1,128.963665,0,0,-468416883.3,-468416883.3,0,-479276016,349,42.32463908
1424,0,-468416883.3,-465544726.2,-5.960464478e-08,2872157.08,-1.068270403e-16,0.005147653197,2872157.08,0.005147653197,1.495234363,1.495234363,0.0372,0.06823,0,0,-468416883.3,-468416883.3,0,-479276016,350,42.34339499
1425,0,-468416883.3,-471130019.9,-5.960464478e-08,-2713136.542,-1.068270403e-16,-0.004862646994,-2713136.542,-0.004862646994,0.917935797,14.0820642,1,78.144145,0,0,-468416883.3,-468416883.3,0,-479276016,351,42.36662436
1426,0,-468808070.6,-468207314,-391187.2544,209569.2817,-0.0007011093977,0.00037560271,600756.536,0.001076712108,1.026254885,1.026254885,0.05394,0.11526,0,0,-468416883.3,-468416883.3,0,-479276016,352,42.39910221
1427,0,-468639069.7,-473684963.4,-222186.4003,-5268080.102,-0.0003982158711,-0.009441770984,-5045893.702,-0.009043555113,0.7612088619,17.23879114,1,120.346595,0,0,-468416883.3,-468416883.3,0,-479276016,353,42.41608238
1428,0,-472417563.2,-472074210.2,-4000679.909,-3657326.859,-0.007170259895,-0.006554881845,343353.0494,0.0006153780498,0.7698090626,0.7698090626,0.0372,0.05838,0,0,-468416883.3,-468416883.3,0,-479276016,354,42.43324518
1429,0,-472101883.4,-470577280.5,-3685000.103,-2160397.16,-0.006604479501,-0.003871994128,1524602.943,0.002732485373,0.5047630394,14.49523696,1,94.10814,0,0,-468416883.3,-468416883.3,0,-479276016,355,42.45058608
1430,0,-468416883.3,-467773526.8,1.192092896e-07,643356.5103,2.136540807e-16,0.001153062352,643356.5103,0.001153062352,0.866503942,0.866503942,0.036365,0.079255,0,0,-468416883.3,-468416883.3,0,-479276016,356,42.46758914
1431,0,-468416883.3,-478625731.3,5.960464478e-08,-10208848.02,1.068270403e-16,-0.01829691333,-10208848.02,-0.01829691333,0.6092694213,11.39073058,1,57.108975,0,0,-468416883.3,-468416883.3,0,-479276016,357,42.48803973
1432,0,-477031003,-476687650,-8614119.718,-8270766.669,-0.01543874505,-0.014823367,343353.0494,0.0006153780498,0.7698090626,0.7698090626,0.0372,0.05838,0,0,-468416883.3,-468416883.3,0,-479276016,358,42.51623631
1433,0,-476862002.2,-473462002.1,-8445118.864,-5045118.828,-0.01513585152,-0.009042166337,3400000.036,0.006093685188,0.5047630394,10.49523696,1,53.273545,0,0,-468416883.3,-468416883.3,0,-479276016,359,42.53312516
1434,0,-472629503.1,-472820753.8,-4212619.774,-4403870.528,-0.007550111307,-0.007892882446,-191250.7538,-0.0003427711392,1.026254885,1.026254885,0.05394,0.11526,0,0,-468416883.3,-468416883.3,0,-479276016,360,42.55042481
1435,0,-472460502.2,-474441388.3,-4043618.92,-6024505.014,-0.007247217781,-0.01079748135,-1980886.094,-0.003550263565,0.7612088619,17.23879114,1,115.216205,0,0,-468416883.3,-468416883.3,0,-479276016,361,42.56802106
1436,0,-473201544.9,-634370797.7,-4784661.59,-165953914.4,-0.008575359162,-0.2974326174,-161169252.8,-0.2888572583,1.73964286,339.0935376,2.27828,2193.110025,0,0,-468416883.3,-468416883.3,0,-479276016,362,42.58505464
1437,0,-468416883.3,-466850917.6,1.788139343e-07,1565965.713,3.20481121e-16,0.002806618226,1565965.713,0.002806618226,13.17162233,13.17162233,0.37632,0.67075,0,0,-468416883.3,-468416883.3,0,-479276016,363,42.65610147
1438,0,-468416883.3,-465850678.3,1.788139343e-07,2566205.047,3.20481121e-16,0.004599307505,2566205.047,0.004599307505,2.055303754,2.055303754,0.08221,0.216945,0,0,-468416883.3,-468416883.3,0,-479276016,364,42.80091596
1439,0,-468416883.3,-467421834.9,5.960464478e-08,995048.4305,1.068270403e-16,0.001783385829,995048.4305,0.001783385829,0.9238631976,0.9238631976,0.039695,0.0761,0,0,-468416883.3,-468416883.3,0,-479276016,365,42.84092069
1440,0,-468416883.3,-488754640.2,5.960464478e-08,-20337756.93,1.068270403e-16,-0.03645055495,-20337756.93,-0.03645055495,0.7442930483,15.25570695,1,92.47777,0,0,-468416883.3,-468416883.3,0,-479276016,366,42.85979342
1441,0,-477632957,-477640669.6,-9216073.691,-9223786.262,-0.01651760328,-0.01653142621,-7712.571367,-1.382293571e-05,0.5358878356,0.5358878356,0.04364,0.055065,0,0,-468416883.3,-468416883.3,0,-479276016,367,42.88421798
1442,0,-477618530.8,-481899562.1,-9201647.508,-13482678.78,-0.0164917478,-0.02416447033,-4281031.277,-0.007672722531,0.4738053923,11.52619461,1,54.22104,0,0,-468416883.3,-468416883.3,0,-479276016,368,42.90060019
1443,0,-475885267,-473388284.6,-7468383.727,-4971401.312,-0.01338528789,-0.008910045357,2496982.416,0.004475242529,2.284174534,2.284174534,0.12381,0.17493,0,0,-468416883.3,-468416883.3,0,-479276016,369,42.91754889
1444,0,-476014210.1,-477936140.3,-7597326.766,-9519256.967,-0.01361638738,-0.01706098664,-1921930.201,-0.003444599257,0.8464064672,0.8464064672,0.039695,0.05112,0,0,-468416883.3,-468416883.3,0,-479276016,370,42.93484545
1445,0,-477860842.4,-482923987.7,-9443959.065,-14507104.42,-0.01692603319,-0.02600050777,-5063145.359,-0.009074474573,0.4403618521,29.55963815,1,165.698065,0,0,-468416883.3,-468416883.3,0,-479276016,371,42.949193
1446,0,-479795196.9,-479507273.2,-11378313.61,-11090389.91,-0.02039290012,-0.01987686588,287923.707,0.0005160342382,1.181617963,1.181617963,0.04364,0.055065,0,0,-468416883.3,-468416883.3,0,-479276016,372,42.96639323
1447,0,-479640716,-474652843.5,-11223832.69,-6235960.131,-0.02011603008,-0.01117646396,4987872.559,0.008939566121,0.4738053923,20.52619461,1,118.632885,0,0,-468416883.3,-468416883.3,0,-479276016,373,42.983881
1448,0,-474767092.5,-468109531.2,-6350209.174,307352.0755,-0.01138122799,0.0005508549324,6657561.249,0.01193208292,1.468192997,1.468192997,0.039695,0.039695,0,0,-468416883.3,-468416883.3,0,-479276016,374,43.00064826
1449,0,-468416883.3,-483348196.9,4.172325134e-07,-14931313.61,7.477892823e-16,-0.02676080107,-14931313.61,-0.02676080107,0.3943658356,22.60563416,1,124.748365,0,0,-468416883.3,-468416883.3,0,-479276016,375,43.01991606
1450,0,-475766224,-472208423.9,-7349340.689,-3791540.609,-0.01317193177,-0.006795427824,3557800.08,0.006376503947,1.018762186,1.018762186,0.04364,0.04364,0,0,-468416883.3,-468416883.3,0,-479276016,376,43.03903985
1451,0,-472162153.5,-487348472.1,-3745270.207,-18931588.81,-0.006712499219,-0.03393033562,-15186318.6,-0.0272178364,0.3699559173,12.63004408,1,72.001725,0,0,-468416883.3,-468416883.3,0,-479276016,377,43.06037951
1452,0,-474372227.2,-472503894.6,-5955343.871,-4087011.313,-0.01067352657,-0.007324988247,1868332.557,0.003348538326,1.057107932,1.057107932,0.039695,0.039695,0,0,-468416883.3,-468416883.3,0,-479276016,378,43.07699347
1453,0,-472404465.1,-487397032.1,-3987581.764,-18980148.82,-0.00714678461,-0.0340173678,-14992567.06,-0.02687058319,0.3365123771,10.66348762,1,62.916085,0,0,-468416883.3,-468416883.3,0,-479276016,379,43.09339881
1454,0,-474213257.6,-613172865.3,-5796374.319,-144755982,-0.01038861175,-0.2594404041,-138959607.7,-0.2490517923,0.8460618146,342.3699559,1.477375,2352.220705,0,0,-468416883.3,-468416883.3,0,-479276016,380,43.109797
1455,0,-468416883.3,-463310714.1,-1.192092896e-07,5106169.255,-2.136540807e-16,0.009151584596,5106169.255,0.009151584596,3.670674143,3.670674143,0.21378,0.26595,0,0,-468416883.3,-468416883.3,0,-479276016,381,43.17272568
1456,0,-468416883.3,-467858569.7,-5.960464478e-08,558313.6,-1.068270403e-16,0.001000643317,558313.6,0.001000643317,0.661931896,0.661931896,0.025235,0.082735,0,0,-468416883.3,-468416883.3,0,-479276016,382,43.39453959
1457,0,-468416883.3,-467724728.8,-5.960464478e-08,692154.4832,-1.068270403e-16,0.001240521023,692154.4832,0.001240521023,0.661931896,12.3380681,1,24.07574,0,0,-468416883.3,-468416883.3,0,-479276016,383,43.40672326
1458,0,-468416883.3,-468251251,-1.192092896e-07,165632.2784,-2.136540807e-16,0.0002968561619,165632.2784,0.0002968561619,0.9875689517,0.9875689517,0.03873,0.121235,0,0,-468416883.3,-468416883.3,0,-479276016,384,43.43060684
1459,0,-468416883.3,-472737327.3,0,-4320443.944,0,-0.007743360289,-4320443.944,-0.007743360289,0.7935656196,22.20643438,1,119.7177,0,0,-468416883.3,-468416883.3,0,-479276016,385,43.44920588
1460,0,-471039638.1,-471341891.9,-2622754.763,-2925008.62,-0.004700659318,-0.005242376915,-302253.8565,-0.0005417175966,0.7855501236,0.7855501236,0.059685,0.068215,0,0,-468416883.3,-468416883.3,0,-479276016,386,43.4737637
1461,0,-471061981.1,-470869840.1,-2645097.765,-2452956.817,-0.004740703794,-0.004396337195,192140.9477,0.0003443665984,0.5315651965,0.5315651965,0.026965,0.035495,0,0,-468416883.3,-468416883.3,0,-479276016,387,43.49071789
1462,0,-470960514,-456507951.6,-2543630.684,11908931.73,-0.004558848371,0.02134390591,14452562.41,0.02590275428,0.3166161591,25.68338384,1,156.46034,0,0,-468416883.3,-468416883.3,0,-479276016,388,43.5075531
1463,0,-468416883.3,-466321984.5,-5.960464478e-08,2094898.838,-1.068270403e-16,0.003754604084,2094898.838,0.003754604084,1.257475458,1.257475458,0.026965,0.041095,0,0,-468416883.3,-468416883.3,0,-479276016,389,43.52637625
1464,0,-468416883.3,-482492808,0,-14075924.66,0,-0.02522772138,-14075924.66,-0.02522772138,0.7514298706,9.248570129,1,29.196925,0,0,-468416883.3,-468416883.3,0,-479276016,390,43.54849362
1465,0,-476304578.8,-475483279.9,-7887695.511,-7066396.626,-0.01413680376,-0.01266482235,821298.8848,0.001471981411,0.9556481632,0.9556481632,0.05002,0.085515,0,0,-468416883.3,-468416883.3,0,-479276016,391,43.57405591
1466,0,-476267294.3,-485570312.1,-7850411.023,-17153428.8,-0.01406998025,-0.03074340996,-9303017.776,-0.01667342971,0.5524149617,11.44758504,1,41.378405,0,0,-468416883.3,-468416883.3,0,-479276016,392,43.59082222
1467,0,-474188216.4,-473992007.3,-5771333.088,-5575123.978,-0.01034373135,-0.009992073542,196209.1104,0.000351657805,0.8482009751,0.8482009751,0.026965,0.056515,0,0,-468416883.3,-468416883.3,0,-479276016,393,43.60780692
1468,0,-473978456.4,-471189619.6,-5561573.105,-2772736.301,-0.00996778685,-0.004969465278,2788836.805,0.004998321573,0.4175516306,25.58244837,1,144.92922,0,0,-468416883.3,-468416883.3,0,-479276016,394,43.6252327
1469,0,-469823531.7,-469002232.9,-1406648.424,-585349.5394,-0.002521080169,-0.001049098759,821298.8848,0.001471981411,0.9556481632,0.9556481632,0.05002,0.085515,0,0,-468416883.3,-468416883.3,0,-479276016,395,43.64271665
1470,0,-469786247.3,-477309107.3,-1369363.935,-8892223.988,-0.002454256659,-0.0159371803,-7522860.053,-0.01348292364,0.5524149617,9.447585038,1,18.558235,0,0,-468416883.3,-468416883.3,0,-479276016,396,43.6596787
1471,0,-477054836.5,-483563438.9,-8637953.218,-15146555.55,-0.01548146089,-0.02714657066,-6508602.336,-0.01166510977,2.798233765,2.798233765,0.026965,0.059075,0,0,-468416883.3,-468416883.3,0,-479276016,397,43.67631626
1472,0,-483342888,-470147578,-14926004.71,-1730694.719,-0.02675128613,-0.003101855489,13195309.99,0.02364943064,0.4270338135,27.57296619,1.07195,155.783665,0,0,-468416883.3,-468416883.3,0,-479276016,398,43.69384122
1473,0,-482103885.2,-482066211.4,-13687001.87,-13649328.07,-0.0245306705,-0.02446314923,37673.8082,6.752127194e-05,0.7454522043,0.7454522043,0.026965,0.040825,0,0,-468416883.3,-468416883.3,0,-479276016,399,43.71122193
1474,0,-482066600.7,-464177974.4,-13649717.39,4238908.912,-0.02446384699,0.007597228288,17888626.3,0.03206107528,0.3422190028,26.657781,1,156.47576,0,0,-468416883.3,-468416883.3,0,-479276016,400,43.7280736
1475,0,-472190380.1,-472058815.9,-3773496.759,-3641932.546,-0.006763088547,-0.006527291228,131564.2128,0.0002357973195,1.082645344,1.082645344,0.026965,0.050915,0,0,-468416883.3,-468416883.3,0,-479276016,401,43.74529886
1476,0,-471923087.1,-473208484.3,-3506203.733,-4791600.968,-0.006284029861,-0.008587796333,-1285397.235,-0.002303766472,0.390686675,10.60931332,1,41.196925,0,0,-468416883.3,-468416883.3,0,-479276016,402,43.76291132
1477,0,-469347474.1,-679069662.4,-930590.8066,-210652779.1,-0.001667860986,-0.3775446194,-209722188.3,-0.3758767584,1.060325544,358.384828,1.26958,2351.43563,0,0,-468416883.3,-468416883.3,0,-479276016,403,43.78006911
1478,0,-469650558.2,-469255275.7,-1233674.881,-838392.3352,-0.002211066549,-0.001502617324,395282.5453,0.0007084492253,4.359793244,4.359793244,0.089965,0.20236,0,0,-468416883.3,-468416883.3,0,-479276016,404,43.8837328
1479,0,-468605065.3,-469022904.3,-188181.9609,-606020.9475,-0.0003372710634,-0.001086147303,-417838.9866,-0.0007488762401,1.101550584,1.101550584,0.038185,0.112395,0,0,-468416883.3,-468416883.3,0,-479276016,405,44.03825712
1480,0,-468562716.1,-473183810,-145832.7692,-4766926.707,-0.0002613702871,-0.008543573635,-4621093.938,-0.008282203348,0.919302709,19.08069729,1,115.065305,0,0,-468416883.3,-468416883.3,0,-479276016,406,44.05520844
1481,0,-468416883.3,-464264276.3,0,4152606.984,0,0.007442552765,4152606.984,0.007442552765,1.74312893,1.74312893,0.15761,0.230865,0,0,-468416883.3,-468416883.3,0,-479276016,407,44.07245684
1482,0,-468416883.3,-492991702.2,5.960464478e-08,-24574818.9,1.068270403e-16,-0.04404447303,-24574818.9,-0.04404447303,1.197956768,16.80204323,1,102.862475,0,0,-468416883.3,-468416883.3,0,-479276016,408,44.08990264
1483,0,-483047640.1,-485331347.6,-14630756.81,-16914464.33,-0.02622212504,-0.03031512342,-2283707.512,-0.00409299838,0.9591385457,0.9591385457,0.038185,0.068265,0,0,-468416883.3,-468416883.3,0,-479276016,409,44.10954714
1484,0,-484341908.2,-467852181.1,-15925024.88,564702.1779,-0.02854179036,0.001012093312,16489727.06,0.02955388367,0.6813186944,27.31868131,1,151.24271,0,0,-468416883.3,-468416883.3,0,-479276016,410,44.12727547
1485,0,-468416883.3,-471533897.2,-5.960464478e-08,-3117013.92,-1.068270403e-16,-0.005586500397,-3117013.92,-0.005586500397,1.862551562,1.862551562,0.102315,0.13616,0,0,-468416883.3,-468416883.3,0,-479276016,411,44.14619112
1486,0,-474171634.4,-474677689,-5754751.059,-6260805.681,-0.01031401203,-0.01122099366,-506054.6216,-0.0009069816232,0.3732306135,0.3732306135,0.033845,0.033845,0,0,-468416883.3,-468416883.3,0,-479276016,412,44.16510653
1487,0,-474507910.6,-474780466.9,-6091027.292,-6363583.56,-0.01091670659,-0.01140519837,-272556.2682,-0.0004884917872,0.2662654394,19.73373456,1,123.741365,0,0,-468416883.3,-468416883.3,0,-479276016,413,44.17940044
1488,0,-475239426.1,-478587916.3,-6822542.818,-10171033,-0.01222777284,-0.01822913897,-3348490.185,-0.006001366124,1.099560723,1.099560723,0.09197,0.11765,0,0,-468416883.3,-468416883.3,0,-479276016,414,44.19590759
1489,0,-473127258.5,-472106869.2,-4710375.2,-3689985.915,-0.008442218612,-0.006613415375,1020389.285,0.001828803237,0.3395953794,0.3395953794,0.02568,0.02568,0,0,-468416883.3,-468416883.3,0,-479276016,415,44.21343064
1490,0,-472235689.1,-477348036.1,-3818805.8,-8931152.825,-0.006844294145,-0.01600695091,-5112347.025,-0.009162656768,0.202029738,22.79797026,1,134.545935,0,0,-468416883.3,-468416883.3,0,-479276016,416,44.23012662
1491,0,-474507910.6,-614657972,-6091027.292,-146241088.7,-0.01091670659,-0.2621021019,-140150061.4,-0.2511853954,0.2662654394,319.2662654,1.69566,2131.205295,0,0,-468416883.3,-468416883.3,0,-479276016,417,44.24694753
1492,0,-468416883.3,-467750422.4,-5.960464478e-08,666460.9259,-1.068270403e-16,0.001194471479,666460.9259,0.001194471479,3.057187494,3.057187494,0.09764,0.13498,0,0,-468416883.3,-468416883.3,0,-479276016,418,44.31387138
1493,0,-469595129.3,-476385160,-1178246.027,-7968276.722,-0.002111723614,-0.01428122627,-6790030.695,-0.01216950266,0.7667648975,9.233235103,1,37.59161,0,0,-468416883.3,-468416883.3,0,-479276016,419,44.52129269
1494,0,-470289529.5,-471745591.9,-1872646.215,-3328708.582,-0.003356269523,-0.005965912343,-1456062.367,-0.002609642819,0.8630924331,0.8630924331,0.04957,0.128905,0,0,-468416883.3,-468416883.3,0,-479276016,420,44.53858328
1495,0,-470488575.2,-460095820,-2071691.867,8321063.338,-0.003713011149,0.01491351173,10392755.2,0.01862652288,0.6855982985,9.314401701,1,22.43079,0,0,-468416883.3,-468416883.3,0,-479276016,421,44.5562346
1496,0,-474555650.2,-472798477.2,-6138766.833,-4381593.88,-0.01100226827,-0.007852956894,1757172.954,0.003149311378,0.8665674289,0.8665674289,0.07022,0.102225,0,0,-468416883.3,-468416883.3,0,-479276016,422,44.57352304
1497,0,-474716198.5,-481559677.8,-6299315.137,-13142794.48,-0.01129001263,-0.02355530917,-6843479.343,-0.01226529655,0.6147776405,18.38522236,1,122.36978,0,0,-468416883.3,-468416883.3,0,-479276016,423,44.58845615
1498,0,-477353007.3,-473364466.6,-8936123.963,-4947583.265,-0.01601586049,-0.008867357216,3988540.698,0.007148503269,1.510802898,1.510802898,0.08522,0.13479,0,0,-468416883.3,-468416883.3,0,-479276016,424,44.60534883
1499,0,-475097813.6,-488464983.4,-6680930.243,-20048100.09,-0.01197396625,-0.0359314145,-13367169.85,-0.02395744825,0.798804242,12.20119576,1,70.94266,0,0,-468416883.3,-468416883.3,0,-479276016,425,44.62011981
1500,0,-476484375.8,-478465008.4,-8067492.479,-10048125.07,-0.01445904673,-0.01800885595,-1980632.589,-0.003549809218,1.36896696,1.36896696,0.06013,0.12095,0,0,-468416883.3,-468416883.3,0,-479276016,426,44.6366353
1501,0,-477013962,-482838828,-8597078.705,-14421944.66,-0.01540820312,-0.02584787929,-5824865.952,-0.01043967618,0.5402522494,24.45974775,1,153.454165,0,0,-468416883.3,-468416883.3,0,-479276016,427,44.65396667
1502,0,-476416171.6,-479845513.7,-7999288.271,-11428630.35,-0.01433680704,-0.02048308081,-3429342.081,-0.006146273771,0.8977816107,0.8977816107,0.04957,0.11351,0,0,-468416883.3,-468416883.3,0,-479276016,428,44.67037868
1503,0,-478098489,-487297262.2,-9681605.659,-18880378.91,-0.01735195776,-0.03383855415,-9198773.252,-0.01648659639,0.6760578886,12.32394211,1,61.483555,0,0,-468416883.3,-468416883.3,0,-479276016,429,44.68691301
1504,0,-480654567.5,-479279524.3,-12237684.14,-10862640.97,-0.02193311583,-0.01946868049,1375043.177,0.002464435338,0.7458332681,0.7458332681,0.04771,0.106005,0,0,-468416883.3,-468416883.3,0,-479276016,430,44.70375514
1505,0,-480815115.8,-491786317.1,-12398232.45,-23369433.77,-0.02222086018,-0.04188410909,-10971201.32,-0.01966324891,0.4940434798,16.50595652,1,112.05531,0,0,-468416883.3,-468416883.3,0,-479276016,431,44.72159266
1506,0,-487103449.1,-481711981.1,-18686565.77,-13295097.75,-0.03349119053,-0.02382827628,5391468.021,0.009662914256,1.849365286,1.849365286,0.09764,0.153415,0,0,-468416883.3,-468416883.3,0,-479276016,432,44.7383306
1507,0,-483546036.6,-492620395.3,-15129153.23,-24203512,-0.02711538117,-0.04337899441,-9074358.768,-0.01626361324,0.9125459051,18.08745409,1,120.137845,0,0,-468416883.3,-468416883.3,0,-479276016,433,44.75585556
1508,0,-484249980.7,-483668731.1,-15833097.42,-15251847.79,-0.02837703242,-0.02733528175,581249.6358,0.001041750664,0.7838012753,0.7838012753,0.032105,0.06411,0,0,-468416883.3,-468416883.3,0,-479276016,434,44.7725904
1509,0,-484410529,-478132594.7,-15993645.73,-9715711.395,-0.02866477677,-0.01741308411,6277934.332,0.01125169266,0.5320114869,20.46798851,1,124.00123,0,0,-468416883.3,-468416883.3,0,-479276016,435,44.78991079
1510,0,-487103449.1,-552444323.2,-18686565.77,-84027439.92,-0.03349119053,-0.1505990472,-65340874.15,-0.1171078567,1.849365286,350.5980285,1.0096,2231.12529,0,0,-468416883.3,-468416883.3,0,-479276016,436,44.80687189
1511,0,-468416883.3,-468171046.2,-1.788139343e-07,245837.096,-3.20481121e-16,0.0004406040749,245837.096,0.0004406040749,6.527765888,6.527765888,0.206425,0.450025,0,0,-468416883.3,-468416883.3,0,-479276016,437,44.90295959
1512,0,-468416883.3,-469100542.4,-5.960464478e-08,-683659.0597,-1.068270403e-16,-0.001225295012,-683659.0597,-0.001225295012,2.741732817,2.741732817,0.10899,0.253445,0,0,-468416883.3,-468416883.3,0,-479276016,438,45.11135793
1513,0,-468416883.3,-463704201.7,1.192092896e-07,4712681.573,2.136540807e-16,0.008446352232,4712681.573,0.008446352232,2.236960223,7.779209107,1,3.920175,0,0,-468416883.3,-468416883.3,0,-479276016,439,45.13071036
1514,0,-468416883.3,-473477500,1.788139343e-07,-5060616.669,3.20481121e-16,-0.009069942502,-5060616.669,-0.009069942502,1.294189317,1.294189317,0.066485,0.08772,0,0,-468416883.3,-468416883.3,0,-479276016,440,45.15031648
1515,0,-469267582.5,-466496253.8,-850699.2207,1920629.569,-0.001524674466,0.003442268185,2771328.789,0.004966942651,0.5508019742,0.5508019742,0.036655,0.05789,0,0,-468416883.3,-468416883.3,0,-479276016,441,45.168257
1516,0,-468416883.3,-471438508.9,1.788139343e-07,-3021625.588,3.20481121e-16,-0.005415539674,-3021625.588,-0.005415539674,0.5065190704,27.49348093,1,161.7799,0,0,-468416883.3,-468416883.3,0,-479276016,442,45.18512011
1517,0,-468416883.3,-466352867.1,1.788139343e-07,2064016.184,3.20481121e-16,0.003699254328,2064016.184,0.003699254328,2.17272758,2.17272758,0.19275,0.246905,0,0,-468416883.3,-468416883.3,0,-479276016,443,45.20409393
1518,0,-468416883.3,-482037099.1,2.384185791e-07,-13620215.8,4.273081613e-16,-0.02441097248,-13620215.8,-0.02441097248,1.441640934,11.55835907,1,53.29579,0,0,-468416883.3,-468416883.3,0,-479276016,444,45.23712659
1519,0,-474146324.9,-471664762.5,-5729441.562,-3247879.133,-0.01026865083,-0.005821044929,2481562.428,0.004447605897,2.008616212,2.008616212,0.07221,0.118635,0,0,-468416883.3,-468416883.3,0,-479276016,445,45.25793242
1520,0,-471036596.4,-480188127.2,-2619713.059,-11771243.91,-0.004695207792,-0.0210971335,-9151530.85,-0.0164019257,0.7455448528,11.25445515,1,50.97202,0,0,-468416883.3,-468416883.3,0,-479276016,446,45.27731824
1521,0,-475010716.5,-473959466,-6593833.224,-5542582.669,-0.01181786571,-0.009933751045,1051250.555,0.001884114668,1.819780499,1.819780499,0.22129,0.307805,0,0,-468416883.3,-468416883.3,0,-479276016,447,45.29430866
1522,0,-471289819.1,-473809565,-2872935.759,-5392681.641,-0.005149048792,-0.009665089379,-2519745.882,-0.004516040587,1.623055552,24.37694445,1,135.595215,0,0,-468416883.3,-468416883.3,0,-479276016,448,45.31294346
1523,0,-468416883.3,-468453115.4,2.384185791e-07,-36232.1111,4.273081613e-16,-6.49373754e-05,-36232.1111,-6.49373754e-05,1.991436971,1.991436971,0.021235,0.035045,0,0,-468416883.3,-468416883.3,0,-479276016,449,45.33163691
1524,0,-468480915.8,-478921906.7,-64032.50448,-10505023.34,-0.0001147629176,-0.01882773659,-10440990.83,-0.01871297368,0.3057328955,11.6942671,1,51.704615,0,0,-468416883.3,-468416883.3,0,-479276016,450,45.35970736
1525,0,-469100165.5,-465213407,-683282.1999,3203476.278,-0.001224619581,0.005741463452,3886758.478,0.006966083033,1.415523438,1.415523438,0.09963,0.120865,0,0,-468416883.3,-468416883.3,0,-479276016,451,45.37736225
1526,0,-468416883.3,-499776873.5,5.960464478e-08,-31359990.18,1.068270403e-16,-0.05620526636,-31359990.18,-0.05620526636,1.070196887,14.92980311,1.2352,59.344905,0,0,-468416883.3,-468416883.3,0,-479276016,452,45.39539504
1527,0,-481273974,-483268437.8,-12857090.72,-14851554.48,-0.02304325367,-0.02661785194,-1994463.756,-0.00357459827,2.571303141,2.571303141,0.23356,0.314455,0,0,-468416883.3,-468416883.3,0,-479276016,453,45.41451263
1528,0,-478222387.8,-475800080.1,-9805504.443,-7383196.748,-0.01757401663,-0.01323261064,2422307.695,0.00434140599,1.517054386,1.517054386,0.149,0.195425,0,0,-468416883.3,-468416883.3,0,-479276016,454,45.43278074
1529,0,-473846250,-469298300.6,-5429366.696,-881417.2732,-0.009730838549,-0.001579729213,4547949.423,0.008151109335,1.095221284,22.90477872,1,109.57023,0,0,-468416883.3,-468416883.3,0,-479276016,455,45.44968319
1530,0,-468416883.3,-472727369.6,1.788139343e-07,-4310486.233,3.20481121e-16,-0.007725513479,-4310486.233,-0.007725513479,1.948386699,1.948386699,0.19428,0.288285,0,0,-468416883.3,-468416883.3,0,-479276016,456,45.47071815
1531,0,-469483868.3,-471115720.6,-1066985.014,-2698837.266,-0.001912314914,-0.00483701897,-1631852.252,-0.002924704056,1.467206443,25.53279356,1,144.74754,0,0,-468416883.3,-468416883.3,0,-479276016,457,45.49971056
1532,0,-469055451.4,-463343547.8,-638568.0465,5073335.508,-0.001144480178,0.009092737973,5711903.554,0.01023721815,1.671209747,1.671209747,0.02511,0.07079,0,0,-468416883.3,-468416883.3,0,-479276016,458,45.52110362
1533,0,-468416883.3,-482169604.8,0,-13752721.5,0,-0.02464845718,-13752721.5,-0.02464845718,0.8922328804,23.10776712,1,122.4213,0,0,-468416883.3,-468416883.3,0,-479276016,459,45.54057193
1534,0,-478599892,-490471134.1,-10183008.71,-22054250.78,-0.01825060256,-0.03952695879,-11871242.07,-0.02127635623,4.227433592,4.227433592,0.15625,0.48082,0,0,-468416883.3,-468416883.3,0,-479276016,460,45.56119108
1535,0,-478681340.9,-476408651.6,-10264457.55,-7991768.261,-0.01839658008,-0.01432332922,2272689.288,0.004073250853,2.293491975,2.293491975,0.15625,0.366245,0,0,-468416883.3,-468416883.3,0,-479276016,461,45.57936335
1536,0,-474180668.2,-481403085.2,-5763784.858,-12986201.87,-0.01033020295,-0.02327465445,-7222417.011,-0.0129444515,1.549531813,14.45046819,1,76.42433,0,0,-468416883.3,-468416883.3,0,-479276016,462,45.59842777
1537,0,-473782257,-471702711.3,-5365373.63,-3285827.946,-0.009616146315,-0.005889059079,2079545.685,0.003727087236,1.304683771,1.304683771,0.08769,0.17959,0,0,-468416883.3,-468416883.3,0,-479276016,463,45.61503911
1538,0,-472883241.1,-494518263.6,-4466357.796,-26101380.24,-0.008004875898,-0.04678046837,-21635022.44,-0.03877559247,1.077366485,22.92263351,1,130.498645,0,0,-468416883.3,-468416883.3,0,-479276016,464,45.6323247
1539,0,-476379677.7,-474321967.9,-7962794.344,-5905084.563,-0.01427140042,-0.01058344881,2057709.781,0.003687951612,1.219328036,1.219328036,0.08769,0.17348,0,0,-468416883.3,-468416883.3,0,-479276016,465,45.6493156
1540,0,-475526261.6,-478940163.3,-7109378.25,-10523279.95,-0.01274185661,-0.01886045719,-3413901.698,-0.006118600584,0.9918860517,20.00811395,1,117.595325,0,0,-468416883.3,-468416883.3,0,-479276016,466,45.66606307
1541,0,-473903315.7,-475771023.2,-5486432.393,-7354139.927,-0.009833115133,-0.01318053326,-1867707.535,-0.003347418123,2.184724823,2.184724823,0.15625,0.384485,0,0,-468416883.3,-468416883.3,0,-479276016,467,45.68319464
1542,0,-473173412.9,-483972155,-4756529.543,-15555271.67,-0.00852493921,-0.02787909634,-10798742.13,-0.01935415713,1.693029571,20.30697043,1,117.608355,0,0,-468416883.3,-468416883.3,0,-479276016,468,45.70029593
1543,0,-476752024.4,-587336980.4,-8335141.107,-118920097.1,-0.01493874275,-0.2131357725,-110584956,-0.1981970297,1.27321684,363.4997572,1.197475,2385.210445,0,0,-468416883.3,-468416883.3,0,-479276016,469,45.71727467
1544,0,-468416883.3,-466102087.4,-5.960464478e-08,2314795.948,-1.068270403e-16,0.004148716951,2314795.948,0.004148716951,4.512762847,4.512762847,0.052145,0.116995,0,0,-468416883.3,-468416883.3,0,-479276016,470,45.83357382
1545,0,-468416883.3,-490001920.4,0,-21585037.08,0,-0.03868600569,-21585037.08,-0.03868600569,1.565397378,11.43460262,1,6.993195,0,0,-468416883.3,-468416883.3,0,-479276016,471,46.0044508
1546,0,-492741388.9,-490761261.1,-24324505.58,-22344377.75,-0.04359584641,-0.04004694185,1980127.831,0.00354890456,3.286400117,3.286400117,0.35018,0.50797,0,0,-468416883.3,-468416883.3,0,-479276016,472,46.04670691
1547,0,-491511894.2,-495421191.8,-23095010.87,-27004308.53,-0.0413922718,-0.04839875092,-3909297.659,-0.007006479113,2.210060722,24.78993928,1,141.4038,0,0,-468416883.3,-468416883.3,0,-479276016,473,46.06582856
1548,0,-484327049.6,-490419325.1,-15910166.31,-22002441.74,-0.02851515993,-0.0394341035,-6092275.425,-0.01091894357,1.693192964,1.693192964,0.16546,0.22398,0,0,-468416883.3,-468416883.3,0,-479276016,474,46.08261609
1549,0,-486459130.4,-483385883.7,-18042247.11,-14969000.38,-0.03233640377,-0.02682834556,3073246.738,0.005508058213,1.330153354,20.66984665,1,115.7589,0,0,-468416883.3,-468416883.3,0,-479276016,475,46.09944749
1550,0,-483289730,-485491603.7,-14872846.7,-17074720.42,-0.02665601315,-0.03060234406,-2201873.714,-0.003946330909,1.913513918,1.913513918,0.081305,0.103915,0,0,-468416883.3,-468416883.3,0,-479276016,476,46.11723232
1551,0,-483556117,-482347812,-15139233.7,-13930928.66,-0.02713344798,-0.0249678508,1208305.038,0.002165597187,0.3949836845,0.3949836845,0.02261,0.02261,0,0,-468416883.3,-468416883.3,0,-479276016,477,46.1344018
1552,0,-482643328,-499636486,-14226444.72,-31219602.71,-0.02549749251,-0.05595365546,-16993157.99,-0.03045616295,0.1046371714,9.895362829,1,59.1284,0,0,-468416883.3,-468416883.3,0,-479276016,478,46.14882302
1553,0,-484172990.5,-480366183.7,-15756107.14,-11949300.37,-0.02823904579,-0.02141625703,3806806.766,0.006822788752,0.7555661996,0.7555661996,0.02261,0.02261,0,0,-468416883.3,-468416883.3,0,-479276016,479,46.16535664
1554,0,-480661699.8,-489555124.7,-12244816.44,-21138241.34,-0.02194589875,-0.03788523141,-8893424.906,-0.01593933266,0.1046371714,12.89536283,1,87.57406,0,0,-468416883.3,-468416883.3,0,-479276016,480,46.18350387
1555,0,-487066263.6,-490785041.8,-18649380.31,-22368158.53,-0.03342454452,-0.04008956319,-3718778.212,-0.006665018666,0.9467216344,0.9467216344,0.11771,0.171645,0,0,-468416883.3,-468416883.3,0,-479276016,481,46.20004892
1556,0,-489568895.1,-484397377.9,-21152011.78,-15980494.6,-0.03790991162,-0.02864120652,5171517.182,0.009268705092,0.8022065785,15.19779342,1,99.445075,0,0,-468416883.3,-468416883.3,0,-479276016,482,46.21770811
1557,0,-478771635,-595509483.8,-10354751.69,-127092600.5,-0.01855841069,-0.2277830261,-116737848.8,-0.2092246155,1.429412099,307.9903837,1.142985,2082.55256,0,0,-468416883.3,-468416883.3,0,-479276016,483,46.23589826
1558,0,-471317303.5,-471909743,-2900420.195,-3492859.696,-0.005198308056,-0.006260113873,-592439.5015,-0.001061805817,6.027800164,6.027800164,0.28324,0.454715,0,0,-468416883.3,-468416883.3,0,-479276016,484,46.30013108
1559,0,-469127917.8,-468119489.3,-711034.4408,297394.0592,-0.001274358822,0.0005330075748,1008428.5,0.001807366397,2.445849236,2.445849236,0.18292,0.310655,0,0,-468416883.3,-468416883.3,0,-479276016,485,46.46131015
1560,0,-471011795.9,-472667344.9,-2594912.567,-4250461.596,-0.004650758854,-0.007617933704,-1655549.029,-0.00296717485,1.099737765,1.099737765,0.07506,0.127735,0,0,-468416883.3,-468416883.3,0,-479276016,486,46.4797945
1561,0,-470925152.7,-474426833,-2508269.399,-6009949.719,-0.004495471742,-0.01077139447,-3501680.32,-0.006275922727,1.091671628,22.90832837,1,111.72539,0,0,-468416883.3,-468416883.3,0,-479276016,487,46.49714899
1562,0,-468416883.3,-465454376.3,-1.788139343e-07,2962507.061,-3.20481121e-16,0.005309583883,2962507.061,0.005309583883,3.190316552,3.190316552,0.36123,0.50649,0,0,-468416883.3,-468416883.3,0,-479276016,488,46.5183084
1563,0,-468416883.3,-461928027.8,-1.192092896e-07,6488855.494,-2.136540807e-16,0.01162971829,6488855.494,0.01162971829,2.778997904,2.778997904,0.15305,0.356995,0,0,-468416883.3,-468416883.3,0,-479276016,489,46.54087019
1564,0,-468416883.3,-467594559,-1.192092896e-07,822324.3059,-2.136540807e-16,0.001473819232,822324.3059,0.001473819232,1.775611101,1.775611101,0.1036,0.20605,0,0,-468416883.3,-468416883.3,0,-479276016,490,46.55771422
1565,0,-468416883.3,-485475092.4,-1.192092896e-07,-17058209.08,-2.136540807e-16,-0.03057275144,-17058209.08,-0.03057275144,1.775611101,27.2243889,1,135.399235,0,0,-468416883.3,-468416883.3,0,-479276016,491,46.56991816
1566,0,-468416883.3,-470018236.3,-2.980232239e-07,-1601352.963,-5.341352017e-16,-0.002870041391,-1601352.963,-0.002870041391,2.608965186,2.608965186,0.15993,0.34507,0,0,-468416883.3,-468416883.3,0,-479276016,492,46.6076746
1567,0,-468416883.3,-466665181.3,-1.788139343e-07,1751702.038,-3.20481121e-16,0.003139506073,1751702.038,0.003139506073,2.21710023,27.78289977,1.06929,132.00852,0,0,-468416883.3,-468416883.3,0,-479276016,493,46.65658522
1568,0,-471180875.3,-472697139.3,-2763991.998,-4280255.998,-0.004953793211,-0.007671333029,-1516264,-0.002717539818,1.289411454,1.289411454,0.08431,0.126335,0,0,-468416883.3,-468416883.3,0,-479276016,494,46.72496057
1569,0,-471489641.4,-477166731.4,-3072758.116,-8749848.107,-0.005507182476,-0.01568200566,-5677089.991,-0.01017482318,0.4831052849,16.51689472,1,110.31968,0,0,-468416883.3,-468416883.3,0,-479276016,495,46.74214864
1570,0,-471970533.3,-477851216.2,-3553649.983,-9434332.836,-0.006369065893,-0.01690878049,-5880682.853,-0.01053971459,2.339867488,2.339867488,0.25533,0.393365,0,0,-468416883.3,-468416883.3,0,-479276016,496,46.75918674
1571,0,-473535380.1,-469235048.5,-5118496.795,-818165.199,-0.009173678756,-0.00146636503,4300331.596,0.007707313726,1.166252333,1.166252333,0.19171,0.233605,0,0,-468416883.3,-468416883.3,0,-479276016,497,46.77580404
1572,0,-472429715.1,-473782904.2,-4012831.751,-5366020.854,-0.007192039159,-0.009617306309,-1353189.104,-0.00242526715,0.4502933932,0.4502933932,0.04715,0.081095,0,0,-468416883.3,-468416883.3,0,-479276016,498,46.79574013
1573,0,-473753328.9,-482211576.7,-5336445.592,-13794693.42,-0.009564299739,-0.02472368178,-8458247.824,-0.01515938204,0.3262703761,28.67372962,1,167.733925,0,0,-468416883.3,-468416883.3,0,-479276016,499,46.81234694
1574,0,-472746977,-472007043,-4330093.713,-3590159.707,-0.007760655188,-0.006434500823,739934.0054,0.001326154365,1.182133477,1.182133477,0.05894,0.07582,0,0,-468416883.3,-468416883.3,0,-479276016,500,46.83004642
1575,0,-472041352.1,-469043394.4,-3624468.739,-626511.0751,-0.006495991539,-0.001122870946,2997957.663,0.005373120592,0.6327414177,10.36725858,1,35.791025,0,0,-468416883.3,-468416883.3,0,-479276016,501,46.84722495
1576,0,-470617417.8,-471120316.4,-2200534.513,-2703433.056,-0.003943930712,-0.004845255822,-502898.5436,-0.0009013251099,1.384918829,1.384918829,0.06596,0.15425,0,0,-468416883.3,-468416883.3,0,-479276016,502,46.86468792
1577,0,-470846447.2,-471700704.5,-2429563.863,-3283821.182,-0.004354410932,-0.005885462436,-854257.3185,-0.001531051504,0.9828100359,13.01718996,1,62.459945,0,0,-468416883.3,-468416883.3,0,-479276016,503,46.88177061
1578,0,-472708813.5,-577781999.1,-4291930.157,-109365115.8,-0.007692256161,-0.1960107585,-105073185.6,-0.1883185024,1.577477896,319.7528947,1.443265,2045.921985,0,0,-468416883.3,-468416883.3,0,-479276016,504,46.8995738
1579,0,-470573456.2,-470409328.8,-2156572.847,-1992445.469,-0.003865139962,-0.003570980974,164127.3776,0.000294158988,7.414883325,7.414883325,0.159665,0.392235,0,0,-468416883.3,-468416883.3,0,-479276016,505,47.00254321
1580,0,-468726895.9,-469856642.6,-310012.6257,-1439759.322,-0.0005556233309,-0.002580423517,-1129746.696,-0.002024800187,2.426066098,2.426066098,0.10593,0.28618,0,0,-468416883.3,-468416883.3,0,-479276016,506,47.13578773
1581,0,-468726895.9,-460578190.6,-310012.6257,7838692.726,-0.0005556233309,0.01404897801,8148705.351,0.01460460134,2.426066098,7.573933902,1,5.704885,0,0,-468416883.3,-468416883.3,0,-479276016,507,47.14813089
1582,0,-468416883.3,-466115256.4,0,2301626.937,0,0.004125114655,2301626.937,0.004125114655,1.624944612,1.624944612,0.10032,0.209445,0,0,-468416883.3,-468416883.3,0,-479276016,508,47.16662502
1583,0,-468416883.3,-490944395.9,5.960464478e-08,-22527512.57,1.068270403e-16,-0.04037516712,-22527512.57,-0.04037516712,1.340732159,15.65926784,1,60.273165,0,0,-468416883.3,-468416883.3,0,-479276016,509,47.18604088
1584,0,-475705943.4,-475762177,-7289060.119,-7345293.638,-0.0130638933,-0.0131646784,-56233.51881,-0.000100785105,1.273019669,1.273019669,0.05374,0.094655,0,0,-468416883.3,-468416883.3,0,-479276016,510,47.20887852
1585,0,-475756965.1,-478415063.5,-7340081.737,-9998180.226,-0.01315533732,-0.01791934179,-2658098.489,-0.004764004476,0.9622870139,23.03771299,1,110.503695,0,0,-468416883.3,-468416883.3,0,-479276016,511,47.22713089
1586,0,-473033100,-474810302.1,-4616216.725,-6393418.754,-0.008273462113,-0.01145867081,-1777202.029,-0.003185208696,1.229165197,1.229165197,0.09722,0.157195,0,0,-468416883.3,-468416883.3,0,-479276016,512,47.244169
1587,0,-473019189.6,-458601470.7,-4602306.258,9815412.635,-0.008248530935,0.01759177469,14417718.89,0.02584030563,0.976958215,22.02304179,1.15053,130.77008,0,0,-468416883.3,-468416883.3,0,-479276016,513,47.26188684
1588,0,-468971289.7,-469092237.3,-554406.4083,-675353.9438,-0.0009936406125,-0.001210410082,-120947.5355,-0.0002167694699,0.5817665765,0.5817665765,0.05374,0.0621,0,0,-468416883.3,-468416883.3,0,-479276016,514,47.27905083
1589,0,-469217327,-467523205.2,-800443.7215,893678.1439,-0.001434603529,0.001601703885,1694121.865,0.003036307414,0.5212900658,18.47870993,1,105.133975,0,0,-468416883.3,-468416883.3,0,-479276016,515,47.29697585
1590,0,-470326546.7,-471744431.6,-1909663.411,-3327548.297,-0.003422613976,-0.005963832811,-1417884.886,-0.002541218835,1.126001225,1.126001225,0.09722,0.12317,0,0,-468416883.3,-468416883.3,0,-479276016,516,47.31368542
1591,0,-470868231.6,-482140009.5,-2451348.323,-13723126.13,-0.004393454356,-0.02459541458,-11271777.81,-0.02020196022,0.6829644339,25.31703557,1,139.74049,0,0,-468416883.3,-468416883.3,0,-479276016,517,47.3306663
1592,0,-475247530.5,-476211589.6,-6830647.215,-7794706.271,-0.01224229803,-0.01397014284,-964059.0565,-0.001727844803,0.8239819716,0.8239819716,0.05374,0.0913,0,0,-468416883.3,-468416883.3,0,-479276016,518,47.3474741
1593,0,-475121471,-477288682.3,-6704587.641,-8871798.975,-0.01201636646,-0.01590057336,-2167211.334,-0.003884206902,0.7852925973,26.2147074,1,139.52186,0,0,-468416883.3,-468416883.3,0,-479276016,519,47.36452532
1594,0,-470572584,-594643970.2,-2155700.724,-126227086.9,-0.003863576892,-0.2262318004,-124071386.1,-0.2223682235,1.065524714,360.8343272,1.947245,2399.493015,0,0,-468416883.3,-468416883.3,0,-479276016,520,47.38198757
1595,0,-468416883.3,-460573857.1,-5.960464478e-08,7843026.271,-1.068270403e-16,0.01405674485,7843026.271,0.01405674485,8.054372985,8.054372985,0.2204,0.41382,0,0,-468416883.3,-468416883.3,0,-479276016,521,47.46997809
1596,0,-468416883.3,-468913334.4,-3.576278687e-07,-496451.1058,-6.40962242e-16,-0.000889769623,-496451.1058,-0.000889769623,2.235273327,2.235273327,0.064015,0.228485,0,0,-468416883.3,-468416883.3,0,-479276016,522,47.71505737
1597,0,-468416883.3,-475106449.7,-2.980232239e-07,-6689566.385,-5.341352017e-16,-0.01198944446,-6689566.385,-0.01198944446,1.722743849,13.27725615,1,50.485475,0,0,-468416883.3,-468416883.3,0,-479276016,523,47.73526645
1598,0,-468416883.3,-465640872.4,-2.980232239e-07,2776010.963,-5.341352017e-16,0.004975334325,2776010.963,0.004975334325,2.489536523,2.489536523,0.2344,0.32994,0,0,-468416883.3,-468416883.3,0,-479276016,524,47.75695848
1599,0,-468416883.3,-465842288.2,-2.980232239e-07,2574595.122,-5.341352017e-16,0.004614344703,2574595.122,0.004614344703,1.758844126,1.758844126,0.2344,0.255835,0,0,-468416883.3,-468416883.3,0,-479276016,525,47.7773068
1600,0,-468416883.3,-482047076.4,-3.576278687e-07,-13630193.09,-6.40962242e-16,-0.02442885438,-13630193.09,-0.02442885438,1.425092164,22.57490784,1,120.36375,0,0,-468416883.3,-468416883.3,0,-479276016,526,47.79457307
1601,0,-468416883.3,-468995040.3,-4.172325134e-07,-578156.9422,-7.477892823e-16,-0.001036207752,-578156.9422,-0.001036207752,2.376734626,2.376734626,0.15117,0.30989,0,0,-468416883.3,-468416883.3,0,-479276016,527,47.82276249
1602,0,-468416883.3,-457384011.1,-2.980232239e-07,11032872.22,-5.341352017e-16,0.0197737792,11032872.22,0.0197737792,1.558766855,22.44123314,1.69707,105.210305,0,0,-468416883.3,-468416883.3,0,-479276016,528,47.8640852
1603,0,-468416883.3,-458073098.5,-4.172325134e-07,10343784.87,-7.477892823e-16,0.01853875528,10343784.87,0.01853875528,3.716413813,3.716413813,0.45144,0.71623,0,0,-468416883.3,-468416883.3,0,-479276016,529,47.91362548
1604,0,-468416883.3,-480772666.6,-2.980232239e-07,-12355783.3,-5.341352017e-16,-0.02214478026,-12355783.3,-0.02214478026,3.003389772,10.99661023,1,36.23505,0,0,-468416883.3,-468416883.3,0,-479276016,530,47.93467522
1605,0,-468921827.6,-465971071.4,-504944.2873,2445811.964,-0.0009049916151,0.004383531759,2950756.251,0.005288523374,1.365140556,1.365140556,0.06654,0.11605,0,0,-468416883.3,-468416883.3,0,-479276016,531,47.95304298
1606,0,-468416883.3,-483539425.6,-4.172325134e-07,-15122542.27,-7.477892823e-16,-0.02710353261,-15122542.27,-0.02710353261,1.124735283,19.87526472,1,115.17731,0,0,-468416883.3,-468416883.3,0,-479276016,532,47.97240615
1607,0,-470999991.2,-477121823.3,-2583107.921,-8704939.939,-0.004629601855,-0.01560151853,-6121832.018,-0.01097191668,1.970511502,1.970511502,0.27294,0.43696,0,0,-468416883.3,-468416883.3,0,-479276016,533,47.99639893
1608,0,-470824239.4,-467138027.1,-2407356.085,1278856.27,-0.004314608811,0.00229204336,3686212.354,0.006606652172,1.540975829,17.45902417,1,119.03415,0,0,-468416883.3,-468416883.3,0,-479276016,534,48.01353335
1609,0,-468517698.8,-465248243.4,-100815.4839,3168639.943,-0.0001806875924,0.005679027671,3269455.427,0.005859715263,1.407507698,1.407507698,0.0979,0.169825,0,0,-468416883.3,-468416883.3,0,-479276016,535,48.03047967
1610,0,-468416883.3,-486677061.1,-2.980232239e-07,-18260177.75,-5.341352017e-16,-0.03272699221,-18260177.75,-0.03272699221,1.154559423,14.84544058,1,72.61197,0,0,-468416883.3,-468416883.3,0,-479276016,536,48.0480001
1611,0,-472012574.8,-479241965.5,-3595691.492,-10825082.21,-0.006444415221,-0.01940136541,-7229390.716,-0.01295695019,2.084322364,2.084322364,0.27294,0.43696,0,0,-468416883.3,-468416883.3,0,-479276016,537,48.06547618
1612,0,-472869814.3,-483246171.7,-4452930.928,-14829288.33,-0.007980811456,-0.0265779452,-10376357.4,-0.01859713374,1.540975829,26.45902417,1,167.430905,0,0,-468416883.3,-468416883.3,0,-479276016,538,48.08237791
1613,0,-476152662.7,-477771359.2,-7735779.357,-9354475.872,-0.01386453047,-0.01676565602,-1618696.515,-0.002901125551,0.4577954077,0.4577954077,0.04021,0.07973,0,0,-468416883.3,-468416883.3,0,-479276016,539,48.09959126
1614,0,-476128649.3,-485131354.3,-7711766.026,-16714471.01,-0.01382149232,-0.02995668333,-9002704.98,-0.016135191,0.3573227743,19.64267723,1,117.437175,0,0,-468416883.3,-468416883.3,0,-479276016,540,48.1174016
1615,0,-476315528.6,-477282291.9,-7898645.322,-8865408.623,-0.01415642867,-0.01588912019,-966763.3003,-0.001732691512,0.882876039,0.882876039,0.06389,0.10208,0,0,-468416883.3,-468416883.3,0,-479276016,541,48.13527274
1616,0,-476460994.9,-475117792.5,-8044111.575,-6700909.157,-0.01441714207,-0.01200977366,1343202.418,0.002407368409,0.8543451202,15.14565488,1,102.20867,0,0,-468416883.3,-468416883.3,0,-479276016,542,48.15277171
1617,0,-472251178.6,-477512612.2,-3834295.272,-9095728.871,-0.006872055311,-0.01630191403,-5261433.599,-0.00942985872,2.05607277,2.05607277,0.03819,0.03819,0,0,-468416883.3,-468416883.3,0,-479276016,543,48.17091346
1618,0,-476722819.2,-461248746.2,-8305935.908,7168137.1,-0.01488639943,0.01284716777,15474073.01,0.0277335672,0.1833281329,18.81667187,1.01316,118.520835,0,0,-468416883.3,-468416883.3,0,-479276016,544,48.18791437
1619,0,-472337977,-481175014.3,-3921093.663,-12758130.95,-0.007027620624,-0.02286589199,-8837037.287,-0.01583827137,1.625131535,314.1874342,1.075725,1899.72003,0,0,-468416883.3,-468416883.3,0,-479276016,545,48.20467401
1620,0,-468416883.3,-467237763,5.960464478e-08,1179120.364,1.068270403e-16,0.002113290653,1179120.364,0.002113290653,5.05281413,5.05281413,0.12288,0.34767,0,0,-468416883.3,-468416883.3,0,-479276016,546,48.25627947
1621,0,-468416883.3,-466809337.6,-5.960464478e-08,1607545.673,-1.068270403e-16,0.002881140339,1607545.673,0.002881140339,1.860999339,1.860999339,0.12288,0.23368,0,0,-468416883.3,-468416883.3,0,-479276016,547,48.41319275
1622,0,-468416883.3,-471661259.3,1.192092896e-07,-3244375.989,2.136540807e-16,-0.005814766381,-3244375.989,-0.005814766381,1.281395046,27.71860495,1,146.115265,0,0,-468416883.3,-468416883.3,0,-479276016,548,48.43190885
1623,0,-468416883.3,-468689263,5.960464478e-08,-272379.6461,1.068270403e-16,-0.0004881752346,-272379.6461,-0.0004881752346,1.734222379,1.734222379,0.031995,0.031995,0,0,-468416883.3,-468416883.3,0,-479276016,549,48.45448804
1624,0,-468826099.2,-475395752.1,-409215.8628,-6978868.767,-0.0007334213574,-0.01250794964,-6569652.904,-0.01177452828,0.2898754247,13.71012458,1,93.374345,0,0,-468416883.3,-468416883.3,0,-479276016,550,48.48023343
1625,0,-468416883.3,-464141407.3,-5.960464478e-08,4275476.009,-1.068270403e-16,0.007662766045,4275476.009,0.007662766045,1.099208829,1.099208829,0.13781,0.228285,0,0,-468416883.3,-468416883.3,0,-479276016,551,48.49730682
1626,0,-468416883.3,-485231654.4,0,-16814771.08,0,-0.03013644717,-16814771.08,-0.03013644717,1.009814641,16.99018536,1,119.270355,0,0,-468416883.3,-468416883.3,0,-479276016,552,48.51556396
1627,0,-471468504.8,-470970051.1,-3051621.449,-2553167.746,-0.005469300066,-0.004575941267,498453.7036,0.0008933587994,1.086056543,1.086056543,0.031995,0.031995,0,0,-468416883.3,-468416883.3,0,-479276016,553,48.53354263
1628,0,-471106887.3,-477676540.2,-2690003.962,-9259656.866,-0.00482118739,-0.01659571567,-6569652.904,-0.01177452828,0.2898754247,13.71012458,1,93.38436,0,0,-468416883.3,-468416883.3,0,-479276016,554,48.55124044
1629,0,-469320583.2,-512821700.9,-903699.8919,-44404817.6,-0.001619665467,-0.07958499306,-43501117.71,-0.07796532759,0.88991345,327.8731217,1,2240.600185,0,0,-468416883.3,-468416883.3,0,-479276016,555,48.56771469
1630,0,-468416883.3,-471171779.5,-5.960464478e-08,-2754896.159,-1.068270403e-16,-0.004937491099,-2754896.159,-0.004937491099,3.299795184,3.299795184,0.16653,0.358295,0,0,-468416883.3,-468416883.3,0,-479276016,556,48.64298081
1631,0,-473433987.3,-473611880.8,-5017104,-5194997.468,-0.008991956472,-0.009310787878,-177893.4684,-0.0003188314064,0.7100102224,0.7100102224,0.12374,0.191765,0,0,-468416883.3,-468416883.3,0,-479276016,557,48.7821734
1632,0,-473612064.2,-479330039,-5195180.866,-10913155.68,-0.009311116574,-0.019559216,-5717974.81,-0.01024809942,0.6370309305,11.36296907,1,67.123475,0,0,-468416883.3,-468416883.3,0,-479276016,558,48.79871511
1633,0,-468416883.3,-468562129.7,-1.788139343e-07,-145246.4014,-3.20481121e-16,-0.0002603193634,-145246.4014,-0.0002603193634,1.383874741,1.383874741,0.1419,0.20362,0,0,-468416883.3,-468416883.3,0,-479276016,559,48.815341
1634,0,-469418283.7,-483152491.4,-1001400.419,-14735608.11,-0.001794770245,-0.02641004586,-13734207.69,-0.02461527561,0.7420235914,15.25797641,1,87.39993,0,0,-468416883.3,-468416883.3,0,-479276016,560,48.83441949
1635,0,-477944285.1,-480593540.5,-9527401.754,-12176657.14,-0.01707558421,-0.02182373956,-2649255.39,-0.00474815534,1.720791316,1.720791316,0.06037,0.06037,0,0,-468416883.3,-468416883.3,0,-479276016,561,48.85097003
1636,0,-478925378.5,-480359584.5,-10508495.2,-11942701.14,-0.01883395907,-0.02140442949,-1434205.941,-0.002570470413,0.5989493688,27.40105063,1,160.7418,0,0,-468416883.3,-468416883.3,0,-479276016,562,48.87032175
1637,0,-468416883.3,-469900259.1,-2.980232239e-07,-1483375.735,-5.341352017e-16,-0.002658595484,-1483375.735,-0.002658595484,1.743446941,1.743446941,0.15376,0.28004,0,0,-468416883.3,-468416883.3,0,-479276016,563,48.88987446
1638,0,-468416883.3,-469610983.3,-3.576278687e-07,-1194099.968,-6.40962242e-16,-0.002140138003,-1194099.968,-0.002140138003,1.150607945,26.84939205,1,157.434295,0,0,-468416883.3,-468416883.3,0,-479276016,564,48.90841889
1639,0,-468416883.3,-472462232.2,-2.980232239e-07,-4045348.831,-5.341352017e-16,-0.007250318232,-4045348.831,-0.007250318232,1.794393347,1.794393347,0.03771,0.072235,0,0,-468416883.3,-468416883.3,0,-479276016,565,48.9273591
1640,0,-473140872.4,-472347216.7,-4723989.045,-3930333.414,-0.008466618165,-0.007044180663,793655.6304,0.001422437502,0.3019313029,23.6980687,1,130.05667,0,0,-468416883.3,-468416883.3,0,-479276016,566,48.94860625
1641,0,-468416883.3,-463075812.3,-4.172325134e-07,5341071.052,-7.477892823e-16,0.009572589769,5341071.052,0.009572589769,1.198203685,1.198203685,0.08089,0.13189,0,0,-468416883.3,-468416883.3,0,-479276016,567,48.96701598
1642,0,-468416883.3,-469605296.2,-2.980232239e-07,-1188412.887,-5.341352017e-16,-0.002129945273,-1188412.887,-0.002129945273,0.3193803095,0.3193803095,0,0,1,0,-468416883.3,-468416883.3,0,-479276016,568,48.98556161
1643,0,-469605296.2,-467558420,-1188412.887,858463.3713,-0.002129945273,0.001538589845,2046876.258,0.003668535118,0,11,1,73.0614,0,0,-468416883.3,-468416883.3,0,-479276016,569,49.00287986
1644,0,-468416883.3,-545878951.1,-2.980232239e-07,-77462067.8,-5.341352017e-16,-0.1388321912,-77462067.8,-0.1388321912,0.4854239768,328.485424,1,2213.184005,0,0,-468416883.3,-468416883.3,0,-479276016,570,49.01811409
1645,0,-468416883.3,-464035587.4,-1.788139343e-07,4381295.939,-3.20481121e-16,0.007852422908,4381295.939,0.007852422908,9.966840927,9.966840927,0.16446,0.698825,0,0,-468416883.3,-468416883.3,0,-479276016,571,49.09725666
1646,0,-468416883.3,-469018526.8,-4.172325134e-07,-601643.4884,-7.477892823e-16,-0.001078301757,-601643.4884,-0.001078301757,2.031477319,2.031477319,0.005615,0.005615,0,0,-468416883.3,-468416883.3,0,-479276016,572,49.2570827
1647,0,-469008246.8,-466653467,-591363.5271,1763416.346,-0.00105987739,0.003160501163,2354779.873,0.004220378553,0.05103849475,25.94896151,1,164.16973,0,0,-468416883.3,-468416883.3,0,-479276016,573,49.28941679
1648,0,-468416883.3,-474029969,-4.172325134e-07,-5613085.654,-7.477892823e-16,-0.01006011075,-5613085.654,-0.01006011075,2.034064308,2.034064308,0.135695,0.2036,0,0,-468416883.3,-468416883.3,0,-479276016,574,49.30721855
1649,0,-470771639.7,-474215523.3,-2354756.409,-5798639.99,-0.004220336499,-0.01039267242,-3443883.582,-0.006172335925,1.074528954,1.074528954,0.05905,0.115295,0,0,-468416883.3,-468416883.3,0,-479276016,575,49.33194232
1650,0,-471747775.7,-470345751,-3330892.341,-1928867.653,-0.005969826207,-0.003457032977,1402024.687,0.002512793229,0.5849203265,14.41507967,1,80.19886,0,0,-468416883.3,-468416883.3,0,-479276016,576,49.34996557
1651,0,-469308722.6,-469077799.3,-891839.2691,-660915.9464,-0.001598408143,-0.001184533433,230923.3226,0.0004138747105,0.533432994,0.533432994,0.013315,0.01893,0,0,-468416883.3,-468416883.3,0,-479276016,577,49.36668968
1652,0,-469384209.8,-461818553.5,-967326.4601,6598329.839,-0.001733700841,0.01182592482,7565656.299,0.01355962566,0.1672556546,21.83274435,1,121.39768,0,0,-468416883.3,-468416883.3,0,-479276016,578,49.38377261
1653,0,-470265385.4,-595404352.4,-1848502.048,-126987469.1,-0.003312996892,-0.2275946033,-125138967,-0.2242816064,1.0112532,334.4172158,1.34487,2296.28083,0,0,-468416883.3,-468416883.3,0,-479276016,579,49.40076447
1654,0,-468416883.3,-458471081.5,-4.172325134e-07,9945801.857,-7.477892823e-16,0.01782546612,9945801.857,0.01782546612,8.496585422,8.496585422,0.16745,0.44665,0,0,-468416883.3,-468416883.3,0,-479276016,580,49.47490835
1655,0,-468416883.3,-462981595.9,-5.960464478e-07,5435287.446,-1.068270403e-15,0.009741450074,5435287.446,0.009741450074,2.190940455,2.190940455,0.0604,0.176085,0,0,-468416883.3,-468416883.3,0,-479276016,581,49.69997239
1656,0,-468416883.3,-487281242,-5.960464478e-07,-18864358.69,-1.068270403e-15,-0.03380984174,-18864358.69,-0.03380984174,2.190940455,23.80905955,1,115.71948,0,0,-468416883.3,-468416883.3,0,-479276016,582,49.71215534
1657,0,-475702974.5,-473069469.1,-7286091.134,-4652585.822,-0.0130585721,-0.008338645003,2633505.312,0.0047199271,1.560978881,1.560978881,0.12387,0.16552,0,0,-468416883.3,-468416883.3,0,-479276016,583,49.74709606
1658,0,-471092620,-453432304.9,-2675736.651,14984578.38,-0.004795616655,0.0268562654,17660315.04,0.03165188206,1.118885698,28.8811143,1,160.136775,0,0,-468416883.3,-468416883.3,0,-479276016,584,49.76673102
1659,0,-468416883.3,-465948929.1,5.960464478e-08,2467954.189,1.068270403e-16,0.00442321639,2467954.189,0.00442321639,2.480832833,2.480832833,0.1417,0.19822,0,0,-468416883.3,-468416883.3,0,-479276016,585,49.78888392
1660,0,-468416883.3,-466138251.9,-3.576278687e-07,2278631.428,-6.40962242e-16,0.004083900716,2278631.428,0.004083900716,0.9254867117,0.9254867117,0.05652,0.109395,0,0,-468416883.3,-468416883.3,0,-479276016,586,49.81326914
1661,0,-468416883.3,-483092980.4,-3.576278687e-07,-14676097.04,-6.40962242e-16,-0.02630338654,-14676097.04,-0.02630338654,0.9254867117,24.07451329,1,142.05687,0,0,-468416883.3,-468416883.3,0,-479276016,587,49.82531238
1662,0,-469316548.4,-471696316.1,-899665.1269,-3279432.763,-0.001612434117,-0.005877597247,-2379767.636,-0.00426516313,1.835005079,1.835005079,0.1549,0.2571,0,0,-468416883.3,-468416883.3,0,-479276016,588,49.84912014
1663,0,-469316548.4,-465755172,-899665.1269,2661711.284,-0.001612434117,0.004770479545,3561376.411,0.006382913662,1.835005079,23.16499492,1,122.61097,0,0,-468416883.3,-468416883.3,0,-479276016,589,49.86651897
1664,0,-468416883.3,-462436811.7,-4.768371582e-07,5980071.646,-8.546163227e-16,0.01071784518,5980071.646,0.01071784518,1.503222169,1.503222169,0.12136,0.210935,0,0,-468416883.3,-468416883.3,0,-479276016,590,49.88511777
1665,0,-468416883.3,-468966295.6,-3.576278687e-07,-549412.2929,-6.40962242e-16,-0.0009846898575,-549412.2929,-0.0009846898575,0.5892852665,0.5892852665,0.04757,0.04757,0,0,-468416883.3,-468416883.3,0,-479276016,591,49.91130686
1666,0,-469039310.5,-465000954,-622427.1649,3415929.356,-0.001115551516,0.006122234676,4038356.521,0.007237786192,0.4323955824,9.567604418,1,47.34009,0,0,-468416883.3,-468416883.3,0,-479276016,592,49.93122315
1667,0,-468416883.3,-544460315.3,-4.768371582e-07,-76043432.01,-8.546163227e-16,-0.1362896266,-76043432.01,-0.1362896266,1.022503681,352.976919,1.356135,2329.620315,0,0,-468416883.3,-468416883.3,0,-479276016,593,49.9497745
1668,0,-468416883.3,-474880751,1.192092896e-07,-6463867.668,2.136540807e-16,-0.0115849336,-6463867.668,-0.0115849336,12.97583606,12.97583606,0.33968,1.1792,0,0,-468416883.3,-468416883.3,0,-479276016,594,50.04327965
1669,0,-468416883.3,-467283968.8,-2.980232239e-07,1132914.522,-5.341352017e-16,0.002030477755,1132914.522,0.002030477755,5.332182087,5.332182087,0.33968,0.628765,0,0,-468416883.3,-468416883.3,0,-479276016,595,50.26853943
1670,0,-468416883.3,-473024606.9,-2.980232239e-07,-4607723.61,-5.341352017e-16,-0.008258240239,-4607723.61,-0.008258240239,5.279933752,23.88837215,1,10.757885,0,0,-468416883.3,-468416883.3,0,-479276016,596,50.30692935
1671,0,-468416883.3,-459170074.6,-1.788139343e-07,9246808.745,-3.20481121e-16,0.0165726885,9246808.745,0.0165726885,6.008334031,6.008334031,0.24422,0.44926,0,0,-468416883.3,-468416883.3,0,-479276016,597,50.38533616
1672,0,-468416883.3,-459811692.3,-5.960464478e-08,8605191.041,-1.068270403e-16,0.01542274254,8605191.041,0.01542274254,3.494703918,3.494703918,0.09575,0.20504,0,0,-468416883.3,-468416883.3,0,-479276016,598,50.43193316
1673,0,-468416883.3,-469918903.1,-5.960464478e-08,-1502019.803,-1.068270403e-16,-0.002692010508,-1502019.803,-0.002692010508,1.384008123,1.384008123,0.09575,0.20504,0,0,-468416883.3,-468416883.3,0,-479276016,599,50.45062733
1674,0,-469701993.8,-463379917.8,-1285110.44,5036965.552,-0.002303252462,0.009027553545,6322075.992,0.01133080601,0.9698907799,27.03010922,1,145.784305,0,0,-468416883.3,-468416883.3,0,-479276016,600,50.47364712
1675,0,-468416883.3,-471661257.1,0,-3244373.748,0,-0.005814762366,-3244373.748,-0.005814762366,1.93407467,1.93407467,0.09705,0.124165,0,0,-468416883.3,-468416883.3,0,-479276016,601,50.49582982
1676,0,-471014468.9,-474217318.7,-2597585.57,-5800435.379,-0.004655549572,-0.01039589023,-3202849.809,-0.005740340657,1.168053251,10.83194675,1,53.063505,0,0,-468416883.3,-468416883.3,0,-479276016,602,50.51929188
1677,0,-474140376,-474064608.9,-5723492.673,-5647725.602,-0.01025798887,-0.01012219455,75767.07112,0.0001357943159,0.5425583456,0.5425583456,0.035745,0.041775,0,0,-468416883.3,-468416883.3,0,-479276016,603,50.53670788
1678,0,-474084015.1,-470768765.3,-5667131.767,-2351881.971,-0.01015697545,-0.004215184758,3315249.796,0.005941790695,0.3817040836,16.61829592,1,103.534875,0,0,-468416883.3,-468416883.3,0,-479276016,604,50.55345201
1679,0,-469599736.7,-469527598.4,-1182853.386,-1110715.098,-0.0021199812,-0.001990690609,72138.28728,0.0001292905906,0.4838579318,0.4838579318,0.035745,0.035745,0,0,-468416883.3,-468416883.3,0,-479276016,605,50.57055163
1680,0,-469472385.3,-473250098.9,-1055501.943,-4833215.554,-0.001891734261,-0.008662380505,-3777713.611,-0.006770646244,0.3210004041,21.6789996,1,127.58745,0,0,-468416883.3,-468416883.3,0,-479276016,606,50.5870831
1681,0,-468416883.3,-466894423.1,0,1522460.242,0,0.002728645097,1522460.242,0.002728645097,0.3909912347,0.3909912347,0.01805,0.01805,0,0,-468416883.3,-468416883.3,0,-479276016,607,50.60516548
1682,0,-468416883.3,-476920786.7,5.960464478e-08,-8503903.37,1.068270403e-16,-0.01524120866,-8503903.37,-0.01524120866,0.3909912347,25.60900877,1,161.651185,0,0,-468416883.3,-468416883.3,0,-479276016,608,50.62370801
1683,0,-469575456.3,-625984526.9,-1158572.988,-157567643.6,-0.002076464406,-0.2824022369,-156409070.6,-0.2803257725,0.3210004041,332.6789996,1.55649,2271.35886,0,0,-468416883.3,-468416883.3,0,-479276016,609,50.64402318
1684,0,-468416883.3,-470941295.3,-5.960464478e-08,-2524411.964,-1.068270403e-16,-0.004524403421,-2524411.964,-0.004524403421,4.189594673,4.189594673,0.122305,0.274025,0,0,-468416883.3,-468416883.3,0,-479276016,610,50.7436769
1685,0,-468416883.3,-469418894.8,1.788139343e-07,-1002011.508,3.20481121e-16,-0.001795865476,-1002011.508,-0.001795865476,2.019213997,2.019213997,0.11201,0.26771,0,0,-468416883.3,-468416883.3,0,-479276016,611,50.88240767
1686,0,-468416883.3,-468801943.1,2.980232239e-07,-385059.8127,5.341352017e-16,-0.0006901274272,-385059.8127,-0.0006901274272,1.552395469,1.552395469,0.11201,0.186515,0,0,-468416883.3,-468416883.3,0,-479276016,612,50.89945626
1687,0,-468416883.3,-471125874,4.172325134e-07,-2708990.712,7.477892823e-16,-0.004855216588,-2708990.712,-0.004855216588,1.24992087,19.75007913,1,109.04291,0,0,-468416883.3,-468416883.3,0,-479276016,613,50.91623282
1688,0,-468416883.3,-473943836.1,2.980232239e-07,-5526952.735,5.341352017e-16,-0.009905738134,-5526952.735,-0.009905738134,2.239216391,2.239216391,0.10146,0.15689,0,0,-468416883.3,-468416883.3,0,-479276016,614,50.94013262
1689,0,-476018600.3,-472957613.2,-7601716.985,-4540729.911,-0.01362425579,-0.008138170091,3060987.074,0.005486085704,1.006174819,14.99382518,1,88.169455,0,0,-468416883.3,-468416883.3,0,-479276016,615,50.96042562
1690,0,-471480010,-471204219.5,-3063126.688,-2787336.151,-0.00548992045,-0.00499563201,275790.5378,0.0004942884404,0.651596709,0.651596709,0.034795,0.0554,0,0,-468416883.3,-468416883.3,0,-479276016,616,50.97776222
1691,0,-470607946.3,-475246413.1,-2191063.008,-6829529.768,-0.00392695531,-0.01224029528,-4638466.76,-0.008313339967,0.5290038438,15.47099616,1,93.121005,0,0,-468416883.3,-468416883.3,0,-479276016,617,50.99553728
1692,0,-468416883.3,-473895997.7,-5.960464478e-08,-5479114.373,-1.068270403e-16,-0.009819999336,-5479114.373,-0.009819999336,2.063108789,2.063108789,0.08646,0.190115,0,0,-468416883.3,-468416883.3,0,-479276016,618,51.0143652
1693,0,-475184376.2,-477669619,-6767492.872,-9252735.698,-0.01212910901,-0.01658331114,-2485242.827,-0.004454202129,1.112382139,23.88761786,1,142.61235,0,0,-468416883.3,-468416883.3,0,-479276016,619,51.03345203
1694,0,-469581586.3,-470341266.7,-1164702.965,-1924383.399,-0.002087450921,-0.003448996027,-759680.4339,-0.001361545105,0.5558390279,0.5558390279,0.034795,0.05499,0,0,-468416883.3,-468416883.3,0,-479276016,620,51.05180907
1695,0,-469773226.2,-481224350,-1356342.882,-12807466.67,-0.002430919541,-0.02295431445,-11451123.79,-0.02052339491,0.5254583755,24.47454162,1,142.14659,0,0,-468416883.3,-468416883.3,0,-479276016,621,51.06971717
1696,0,-468416883.3,-536029228.9,-5.960464478e-08,-67612345.58,-1.068270403e-16,-0.1211789248,-67612345.58,-0.1211789248,2.063108789,323.5450404,1,2183.96939,0,0,-468416883.3,-468416883.3,0,-479276016,622,51.08768702
1697,0,-495799350.9,-497888121.5,-27382467.61,-29471238.2,-0.04907651045,-0.05282013112,-2088770.591,-0.003743620669,7.62361764,7.62361764,0.25817,0.419115,0,0,-468416883.3,-468416883.3,0,-479276016,623,51.17406654
1698,0,-497497446,-497155868.3,-29080562.69,-28738985.02,-0.05211993889,-0.05150774279,341577.6638,0.0006121960965,1.539662245,1.539662245,0.054525,0.113235,0,0,-468416883.3,-468416883.3,0,-479276016,624,51.34991693
1699,0,-497136554.5,-495457217.1,-28719671.21,-27040333.76,-0.05147312741,-0.04846331752,1679337.45,0.003009809893,1.097612458,8.902387542,1,35.292115,0,0,-468416883.3,-468416883.3,0,-479276016,625,51.36726117
1700,0,-492632914,-491207628.8,-24216030.68,-22790745.49,-0.04340143115,-0.04084694904,1425285.188,0.002554482101,1.000676291,1.000676291,0.02836,0.051715,0,0,-468416883.3,-468416883.3,0,-479276016,626,51.38490939
1701,0,-490867106.6,-498350449.8,-22450223.26,-29933566.46,-0.04023664455,-0.05364874371,-7483343.204,-0.01341209916,0.342872525,18.65712748,1,117.156905,0,0,-468416883.3,-468416883.3,0,-479276016,627,51.40330672
1702,0,-484398022.8,-478591916.6,-15981139.43,-10175033.27,-0.02864236224,-0.01823630848,5806106.165,0.01040605375,1.567092186,1.567092186,0.0536,0.101715,0,0,-468416883.3,-468416883.3,0,-479276016,628,51.4201715
1703,0,-478554134.6,-487985424.5,-10137251.29,-19568541.13,-0.01816859335,-0.03507191999,-9431289.836,-0.01690332664,0.632884363,25.36711564,1,139.69472,0,0,-468416883.3,-468416883.3,0,-479276016,629,51.43867636
1704,0,-485290172.5,-488808493.8,-16873289.21,-20391610.48,-0.03024132689,-0.03654707453,-3518321.27,-0.006305747642,1.015122811,1.015122811,0.0689,0.0934,0,0,-468416883.3,-468416883.3,0,-479276016,630,51.45571566
1705,0,-489932073.5,-489779331.6,-21515190.14,-21362448.3,-0.03856082178,-0.03828706865,152741.8345,0.0002737531307,0.5405779915,11.45942201,1,56.405705,0,0,-468416883.3,-468416883.3,0,-479276016,631,51.47288108
1706,0,-487564048.6,-484938620.4,-19147165.33,-16521737.03,-0.03431670485,-0.02961125388,2625428.292,0.004705450978,0.9437884294,0.9437884294,0.0689,0.104885,0,0,-468416883.3,-468416883.3,0,-479276016,632,51.48962188
1707,0,-484274212.6,-487369737.2,-15857329.26,-18952853.88,-0.02842046217,-0.03396844815,-3095524.62,-0.005547985978,0.6077965276,17.39220347,1,112.537525,0,0,-468416883.3,-468416883.3,0,-479276016,633,51.50690818
1708,0,-487778350.7,-534991298.1,-19361467.39,-66574414.78,-0.03470078993,-0.1193186826,-47212947.4,-0.08461789269,0.622198307,357.4354551,1.662275,2311.953695,0,0,-468416883.3,-468416883.3,0,-479276016,634,51.52362585
1709,0,-468416883.3,-467116020.9,2.384185791e-07,1300862.39,4.273081613e-16,0.002331484057,1300862.39,0.002331484057,4.734105842,4.734105842,0.06431,0.099155,0,0,-468416883.3,-468416883.3,0,-479276016,635,51.60229516
1710,0,-468416883.3,-485258166.5,-2.980232239e-07,-16841283.14,-5.341352017e-16,-0.03018396369,-16841283.14,-0.03018396369,1.008593059,15.99140694,1,59.413625,0,0,-468416883.3,-468416883.3,0,-479276016,636,51.76644349
1711,0,-478285113.3,-482324092.1,-9868229.977,-13907208.82,-0.01768643712,-0.02492533868,-4038978.847,-0.007238901563,2.107564632,2.107564632,0.080865,0.141375,0,0,-468416883.3,-468416883.3,0,-479276016,637,51.79834723
1712,0,-478797509.6,-476272858.4,-10380626.32,-7855975.084,-0.01860478476,-0.0140799525,2524651.24,0.004524832265,1.16937589,1.16937589,0.080865,0.080865,0,0,-468416883.3,-468416883.3,0,-479276016,638,51.81549311
1713,0,-476140261.7,-473487059.5,-7723378.343,-5070176.166,-0.01384230462,-0.009087075611,2653202.177,0.00475522901,0.7302508959,15.2697491,1,108.455415,0,0,-468416883.3,-468416883.3,0,-479276016,639,51.83228374
1714,0,-470399499.9,-468544240.1,-1982616.552,-127356.8172,-0.003553364997,-0.0002282565713,1855259.735,0.003325108425,1.473271439,1.473271439,0.05827,0.15702,0,0,-468416883.3,-468416883.3,0,-479276016,640,51.84907079
1715,0,-469700073.7,-477857046.1,-1283190.331,-9440162.815,-0.002299811126,-0.01691922933,-8156972.484,-0.0146194182,1.137348316,17.86265168,1,116.40994,0,0,-468416883.3,-468416883.3,0,-479276016,641,51.86599851
1716,0,-476763474.5,-476776528.9,-8346591.171,-8359645.566,-0.01495926425,-0.01498266112,-13054.39447,-2.339687335e-05,0.6348165776,0.6348165776,0.04898,0.04898,0,0,-468416883.3,-468416883.3,0,-479276016,642,51.88287568
1717,0,-476797008.6,-486535886.9,-8380125.305,-18119003.55,-0.01501936615,-0.03247397129,-9738878.249,-0.01745460515,0.4398545193,29.56014548,1,170.58137,0,0,-468416883.3,-468416883.3,0,-479276016,643,51.8996706
1718,0,-481820869,-485659511.6,-13403985.64,-17242628.24,-0.02402343174,-0.03090327859,-3838642.599,-0.006879846853,1.263485947,1.263485947,0.12043,0.16941,0,0,-468416883.3,-468416883.3,0,-479276016,644,51.91662574
1719,0,-487347959.5,-470341388.4,-18931076.17,-1924505.058,-0.03392941684,-0.003449214071,17006571.12,0.03048020277,1.053562474,23.94643753,1.09604,130.97052,0,0,-468416883.3,-468416883.3,0,-479276016,645,51.93389845
1720,0,-476717568.5,-471050761.3,-8300685.189,-2633878.011,-0.01487698878,-0.004720595074,5666807.178,0.01015639371,1.536859257,1.536859257,0.09088,0.13986,0,0,-468416883.3,-468416883.3,0,-479276016,646,51.95119047
1721,0,-474093854.7,-480817372,-5676971.342,-12400488.69,-0.01017461053,-0.02222490396,-6723517.352,-0.01205029343,0.9027722047,24.0972278,1,142.788635,0,0,-468416883.3,-468416883.3,0,-479276016,647,51.96854424
1722,0,-479979926,-479992980.4,-11563042.66,-11576097.06,-0.02072398266,-0.02074737953,-13054.39447,-2.339687335e-05,0.6348165776,0.6348165776,0.04898,0.04898,0,0,-468416883.3,-468416883.3,0,-479276016,648,51.98534489
1723,0,-480013460.1,-484041998.8,-11596576.79,-15625115.43,-0.02078408456,-0.02800427454,-4028538.636,-0.007220189986,0.4398545193,10.56014548,1,52.17949,0,0,-468416883.3,-468416883.3,0,-479276016,649,52.00212789
1724,0,-475047754.5,-470198310.3,-6630871.172,-1781427.023,-0.01188424736,-0.003192780985,4849444.148,0.008691466371,1.687079043,1.687079043,0.13016,0.17914,0,0,-468416883.3,-468416883.3,0,-479276016,650,52.0185554
1725,0,-470844012.2,-467350625.4,-2427128.83,1066257.945,-0.004350046718,0.001911011817,3493386.775,0.006261058535,1.064628364,22.93537164,1,129.384595,0,0,-468416883.3,-468416883.3,0,-479276016,651,52.03571749
1726,0,-468416883.3,-472333430.9,-2.980232239e-07,-3916547.573,-5.341352017e-16,-0.007019472848,-3916547.573,-0.007019472848,1.620973405,1.620973405,0.16258,0.21156,0,0,-468416883.3,-468416883.3,0,-479276016,652,52.05350351
1727,0,-476383548,-477580245.3,-7966664.66,-9163361.95,-0.01427833703,-0.01642313012,-1196697.29,-0.002144793081,0.6599072898,0.6599072898,0.04898,0.04898,0,0,-468416883.3,-468416883.3,0,-479276016,653,52.07263541
1728,0,-477538124,-467546449.7,-9121240.699,870433.5968,-0.01634763787,0.001560043606,9991674.296,0.01790768147,0.4398545193,21.56014548,1,122.641945,0,0,-468416883.3,-468416883.3,0,-479276016,654,52.08669806
1729,0,-477492960.1,-623691720.9,-9076076.784,-155274837.5,-0.01626669237,-0.2782929316,-146198760.8,-0.2620262392,1.04350648,305.1722409,1.48646,2088.355965,0,0,-468416883.3,-468416883.3,0,-479276016,655,52.10340858
1730,0,-485304324.4,-492528737.6,-16887441.06,-24111854.28,-0.0302666907,-0.04321471992,-7224413.219,-0.01294802922,13.29056556,13.29056556,0.28624,0.746015,0,0,-468416883.3,-468416883.3,0,-479276016,656,52.16077995
1731,0,-486116873.3,-487914228.7,-17699989.99,-19497345.39,-0.03172298991,-0.0349443187,-1797355.402,-0.003221328786,3.186066469,3.186066469,0.124805,0.36089,0,0,-468416883.3,-468416883.3,0,-479276016,657,52.31104064
1732,0,-485969273,-471678381.3,-17552389.64,-3261497.938,-0.03145845165,-0.005845453371,14290891.7,0.02561299828,3.115269309,7.961750595,0.34101,0.924145,0,0,-468416883.3,-468416883.3,0,-479276016,658,52.32756019
1733,0,-479044178.4,-481188980.6,-10627295.06,-12772097.25,-0.01904687936,-0.02289092323,-2144802.186,-0.003844043874,1.581967422,1.581967422,0.02576,0.05765,0,0,-468416883.3,-468416883.3,0,-479276016,659,52.34601593
1734,0,-481115181.1,-472213293.7,-12698297.8,-3796410.416,-0.02275865541,-0.006804155786,8901887.386,0.01595449963,0.3942185909,16.60578141,1,60.89998,0,0,-468416883.3,-468416883.3,0,-479276016,660,52.36355209
1735,0,-470597773.4,-470941959.1,-2180890.049,-2525075.782,-0.003908722719,-0.004525593155,-344185.7335,-0.0006168704364,1.474806183,1.474806183,0.14367,0.20157,0,0,-468416883.3,-468416883.3,0,-479276016,661,52.38125467
1736,0,-470758152.1,-481833963,-2341268.778,-13417079.67,-0.004196163154,-0.02404689964,-11075810.89,-0.01985073648,1.200215917,23.79978408,1,129.200245,0,0,-468416883.3,-468416883.3,0,-479276016,662,52.39871407
1737,0,-468416883.3,-473148770.2,-5.960464478e-08,-4731886.864,-1.068270403e-16,-0.008480773114,-4731886.864,-0.008480773114,1.5594678,1.5594678,0.08431,0.211775,0,0,-468416883.3,-468416883.3,0,-479276016,663,52.41740084
1738,0,-468416883.3,-476069968.9,5.960464478e-08,-7653085.572,1.068270403e-16,-0.01371632168,-7653085.572,-0.01371632168,1.347427143,27.65257286,1,131.371525,0,0,-468416883.3,-468416883.3,0,-479276016,664,52.43517947
1739,0,-472950506.9,-473732515.3,-4533623.564,-5315631.946,-0.008125433667,-0.009526996267,-782008.3815,-0.0014015626,0.9889640148,0.9889640148,0.031545,0.07022,0,0,-468416883.3,-468416883.3,0,-479276016,665,52.45387316
1740,0,-473881755.3,-459390057.5,-5464871.982,9026825.829,-0.009794473263,0.01617842184,14491697.81,0.0259728951,0.5828229733,20.41717703,1.12671,111.90812,0,0,-468416883.3,-468416883.3,0,-479276016,666,52.47231293
1741,0,-468416883.3,-473253455.7,5.960464478e-08,-4836572.341,1.068270403e-16,-0.008668396742,-4836572.341,-0.008668396742,3.384337954,3.384337954,0.069295,0.10797,0,0,-468416883.3,-468416883.3,0,-479276016,667,52.48995519
1742,0,-473855174.4,-531815088.1,-5438291.049,-63398204.76,-0.009746833313,-0.1136260874,-57959913.71,-0.1038792541,0.6910675606,358.6910676,1.54378,2294.459795,0,0,-468416883.3,-468416883.3,0,-479276016,668,52.51926541
1743,0,-490090718.9,-499480443.1,-21673835.54,-31063559.82,-0.03884515565,-0.05567398598,-9389724.273,-0.01682883033,6.089729383,6.089729383,0.19278,0.49833,0,0,-468416883.3,-468416883.3,0,-479276016,669,52.61296105
1744,0,-492007502.1,-491827944.6,-23590618.82,-23411061.32,-0.04228053029,-0.04195871649,179557.5052,0.0003218137935,1.877695496,1.877695496,0.09123,0.277205,0,0,-468416883.3,-468416883.3,0,-479276016,670,52.77236414
1745,0,-492061265.7,-477925228.8,-23644382.33,-9508345.499,-0.04237688849,-0.01704143044,14136036.83,0.02533545805,1.874380877,19.12561912,1,59.806565,0,0,-468416883.3,-468416883.3,0,-479276016,671,52.78988028
1746,0,-468416883.3,-459695480.9,4.172325134e-07,8721402.393,7.477892823e-16,0.01563102353,8721402.393,0.01563102353,2.648254904,2.648254904,0.09123,0.155005,0,0,-468416883.3,-468416883.3,0,-479276016,672,52.81103158
1747,0,-468416883.3,-464498070.9,5.36441803e-07,3918812.407,9.61443363e-16,0.00702353202,3918812.407,0.00702353202,1.672528755,1.672528755,0.13349,0.197265,0,0,-468416883.3,-468416883.3,0,-479276016,673,52.83037424
1748,0,-468416883.3,-486847486.8,5.36441803e-07,-18430603.53,9.61443363e-16,-0.03303243957,-18430603.53,-0.03303243957,1.541787998,13.458212,1,43.199945,0,0,-468416883.3,-468416883.3,0,-479276016,674,52.84755063
1749,0,-473788953.4,-471882305.6,-5372070.127,-3465422.31,-0.00962814818,-0.006210938934,1906647.817,0.003417209247,1.683527929,1.683527929,0.11862,0.17054,0,0,-468416883.3,-468416883.3,0,-479276016,675,52.86481071
1750,0,-471981029.3,-479530571,-3564145.949,-11113687.72,-0.006387877395,-0.01991862162,-7549541.771,-0.01353074423,1.071510873,18.92848913,1,89.667555,0,0,-468416883.3,-468416883.3,0,-479276016,676,52.88156033
1751,0,-468416883.3,-463513447.7,2.980232239e-07,4903435.648,5.341352017e-16,0.008788233194,4903435.648,0.008788233194,1.648929158,1.648929158,0.027025,0.047615,0,0,-468416883.3,-468416883.3,0,-479276016,677,52.90085077
1752,0,-468416883.3,-470548994.5,2.980232239e-07,-2132111.153,5.341352017e-16,-0.00382129824,-2132111.153,-0.00382129824,0.7722549347,0.7722549347,0.027025,0.047615,0,0,-468416883.3,-468416883.3,0,-479276016,678,52.92318606
1753,0,-470242827.9,-488828452.6,-1825944.557,-20411569.3,-0.003272567994,-0.03658284594,-18585624.75,-0.03331027795,0.3306514169,22.66934858,1,134.170265,0,0,-468416883.3,-468416883.3,0,-479276016,679,52.94311404
1754,0,-474319728.7,-471936606.2,-5902845.404,-3519722.874,-0.01057943565,-0.00630825968,2383122.531,0.004271175974,1.202701002,1.202701002,0.11862,0.145645,0,0,-468416883.3,-468416883.3,0,-479276016,680,52.96013999
1755,0,-473645067,-487843370.6,-5228183.723,-19426487.3,-0.009370266286,-0.03481732255,-14198303.58,-0.02544705627,0.8407600846,27.15923992,1,168.330235,0,0,-468416883.3,-468416883.3,0,-479276016,681,52.97711301
1756,0,-470244760,-708630136.3,-1827876.666,-240213252.9,-0.003276030837,-0.4305246841,-238385376.3,-0.4272486532,0.3337831201,348.3337831,2.100895,2295.1041,0,0,-468416883.3,-468416883.3,0,-479276016,682,52.9940691
1757,0,-468416883.3,-478363370.8,-5.960464478e-08,-9946487.478,-1.068270403e-16,-0.01782669493,-9946487.478,-0.01782669493,5.899620937,5.899620937,0.30434,0.76475,0,0,-468416883.3,-468416883.3,0,-479276016,683,53.06092238
1758,0,-471992867.9,-468652030.2,-3575984.536,-235146.883,-0.006409095225,-0.0004214444301,3340837.653,0.005987650795,1.219680304,1.219680304,0.07521,0.1254,0,0,-468416883.3,-468416883.3,0,-479276016,684,53.25618863
1759,0,-468514943.8,-436729060,-98060.46965,31687823.37,-0.0001757498897,0.05679282878,31785883.84,0.05696857867,0.6911380015,18.308862,1,57.14938,0,0,-468416883.3,-468416883.3,0,-479276016,685,53.27823353
1760,0,-468416883.3,-459483003.7,-5.960464478e-08,8933879.664,-1.068270403e-16,0.01601183812,8933879.664,0.01601183812,4.05494128,4.05494128,0.18318,0.44151,0,0,-468416883.3,-468416883.3,0,-479276016,686,53.29925871
1761,0,-468416883.3,-472598888.9,-5.960464478e-08,-4182005.552,-1.068270403e-16,-0.007495242652,-4182005.552,-0.007495242652,2.979795712,2.979795712,0.14063,0.36739,0,0,-468416883.3,-468416883.3,0,-479276016,687,53.32566404
1762,0,-479493431.9,-479580135.1,-11076548.62,-11163251.79,-0.01985205868,-0.02000745334,-86703.17281,-0.0001553946571,1.244534658,1.244534658,0.09805,0.187825,0,0,-468416883.3,-468416883.3,0,-479276016,688,53.34781957
1763,0,-479493431.9,-473816168,-11076548.62,-5399284.687,-0.01985205868,-0.009676923757,5677263.929,0.01017513493,1.244534658,23.75546534,1,133.70006,0,0,-468416883.3,-468416883.3,0,-479276016,689,53.36428452
1764,0,-472730547.3,-472213030.3,-4313663.945,-3796146.974,-0.007731208767,-0.00680368363,517516.971,0.0009275251374,0.9602501675,0.9602501675,0.09805,0.166955,0,0,-468416883.3,-468416883.3,0,-479276016,690,53.38159704
1765,0,-474759070,-479278568.2,-6342186.677,-10861684.86,-0.01136684959,-0.01946696689,-4519498.18,-0.008100117301,0.8840020841,22.11599792,1,138.17887,0,0,-468416883.3,-468416883.3,0,-479276016,691,53.39842558
1766,0,-483379282,-476308899.1,-14962398.67,-7892015.784,-0.02681651358,-0.01414454682,7070382.887,0.01267196677,4.119618876,4.119618876,0.28465,0.440095,0,0,-468416883.3,-468416883.3,0,-479276016,692,53.41565299
1767,0,-476220082.8,-477118963.2,-7803199.476,-8702079.832,-0.01398536487,-0.01559639247,-898880.3559,-0.001611027604,1.44416959,1.44416959,0.09805,0.187825,0,0,-468416883.3,-468416883.3,0,-479276016,693,53.43416405
1768,0,-477032260,-482984565.9,-8615376.659,-14567682.54,-0.01544099782,-0.02610907953,-5952305.884,-0.01066808171,1.244534658,25.75546534,1,146.23715,0,0,-468416883.3,-468416883.3,0,-479276016,694,53.44831514
1769,0,-475519642,-470126346.6,-7102758.683,-1709463.276,-0.01272999262,-0.003063803215,5393295.407,0.009666189408,2.081785184,2.081785184,0.09805,0.204295,0,0,-468416883.3,-468416883.3,0,-479276016,695,53.46571469
1770,0,-470581646,-480223900.5,-2164762.695,-11807017.2,-0.003879818303,-0.02116124855,-9642254.506,-0.01728143025,1.06313377,25.93686623,1,154.44551,0,0,-468416883.3,-468416883.3,0,-479276016,696,53.48331738
1771,0,-470352873,-469047951,-1935989.72,-631067.7185,-0.003469797575,-0.001131037638,1304922.002,0.002338759938,1.068527295,1.068527295,0.04576,0.10039,0,0,-468416883.3,-468416883.3,0,-479276016,697,53.50012779
1772,0,-470222583.4,-472071663.2,-1805700.03,-3654779.884,-0.003236284532,-0.006550317001,-1849079.854,-0.00331403247,0.6846029872,14.31539701,1,80.235985,0,0,-468416883.3,-468416883.3,0,-479276016,698,53.5173254
1773,0,-468416883.3,-470567335,-1.788139343e-07,-2150451.632,-3.20481121e-16,-0.003854169152,-2150451.632,-0.003854169152,1.585361783,1.585361783,0.06857,0.12686,0,0,-468416883.3,-468416883.3,0,-479276016,699,53.53411245
1774,0,-470235081.8,-475808030.9,-1818198.45,-7391147.532,-0.003258684955,-0.01324686052,-5572949.081,-0.009988175561,0.8657779312,23.13422207,1,135.846055,0,0,-468416883.3,-468416883.3,0,-479276016,700,53.55217052
1775,0,-470154598.2,-465681940,-1737714.897,2734943.353,-0.003114437475,0.004901730478,4472658.25,0.008016167953,2.647471229,2.647471229,0.26188,0.368095,0,0,-468416883.3,-468416883.3,0,-479276016,701,53.56978321
1776,0,-468416883.3,-482595644.9,-1.192092896e-07,-14178761.57,-2.136540807e-16,-0.0254120319,-14178761.57,-0.0254120319,1.925903591,16.07409641,1,88.486015,0,0,-468416883.3,-468416883.3,0,-479276016,702,53.58853579
1777,0,-475064039.7,-473570470.5,-6647156.395,-5153587.138,-0.01191343472,-0.009236569786,1493569.257,0.00267686493,1.478595818,1.478595818,0.09015,0.14844,0,0,-468416883.3,-468416883.3,0,-479276016,703,53.60874438
1778,0,-473425248.5,-475851111.6,-5008365.173,-7434228.274,-0.008976294219,-0.01332407242,-2425863.101,-0.004347778202,0.9694382252,13.03056177,1,64.12265,0,0,-468416883.3,-468416883.3,0,-479276016,704,53.62701774
1779,0,-470154598.2,-580296652,-1737714.897,-111879768.7,-0.003114437475,-0.2005176712,-110142053.8,-0.1974032338,2.647471229,348.2019635,1.567705,2055.69729,0,0,-468416883.3,-468416883.3,0,-479276016,705,53.64437413
1780,0,-468416883.3,-475211156.7,5.960464478e-07,-6794273.424,1.068270403e-15,-0.01217710673,-6794273.424,-0.01217710673,4.515912405,4.515912405,0.11582,0.34689,0,0,-468416883.3,-468416883.3,0,-479276016,706,53.75070119
1781,0,-473967828.8,-477626187.5,-5550945.494,-9209304.13,-0.009948739404,-0.01650547046,-3658358.636,-0.006556731058,1.265177305,1.265177305,0.0927,0.227855,0,0,-468416883.3,-468416883.3,0,-479276016,707,53.88469577
1782,0,-476622451.5,-480418549.6,-8205568.176,-12001666.26,-0.01470651433,-0.02151011033,-3796098.08,-0.006803595998,1.099182336,12.90081766,1,69.475605,0,0,-468416883.3,-468416883.3,0,-479276016,708,53.90157485
1783,0,-475596264.3,-474966430.2,-7179380.961,-6549546.884,-0.01286731969,-0.01173849306,629834.0767,0.00112882663,0.6149407607,0.6149407607,0.04976,0.07991,0,0,-468416883.3,-468416883.3,0,-479276016,709,53.9185307
1784,0,-475641336.2,-478733840.7,-7224452.871,-10316957.37,-0.01294810029,-0.01849067342,-3092504.499,-0.005542573135,0.544253954,21.45574605,1,120.653205,0,0,-468416883.3,-468416883.3,0,-479276016,710,53.93527174
1785,0,-474823937.4,-478556492,-6407054.041,-10139608.67,-0.01148310879,-0.01817281838,-3732554.626,-0.006689709587,1.372382149,1.372382149,0.06216,0.152055,0,0,-468416883.3,-468416883.3,0,-479276016,711,53.95207787
1786,0,-476055719.6,-467802937.9,-7638836.266,613945.4225,-0.01369078321,0.001100350026,8252781.689,0.01479113324,0.7634884525,10.23651155,1,50.17925,0,0,-468416883.3,-468416883.3,0,-479276016,712,53.97054625
1787,0,-468416883.3,-468436946.3,2.980232239e-07,-20062.94488,5.341352017e-16,-3.595802022e-05,-20062.94488,-3.595802022e-05,0.5042176086,0.5042176086,0.04976,0.05249,0,0,-468416883.3,-468416883.3,0,-479276016,713,53.98806572
1788,0,-468612142,-469497692.2,-195258.6835,-1080808.871,-0.0003499543925,-0.001937090864,-885550.1877,-0.001587136472,0.404106163,17.59589384,1,104.243375,0,0,-468416883.3,-468416883.3,0,-479276016,714,54.00581455
1789,0,-468416883.3,-469799696.5,2.980232239e-07,-1382813.141,5.341352017e-16,-0.002478361137,-1382813.141,-0.002478361137,1.391539908,1.391539908,0.0927,0.186375,0,0,-468416883.3,-468416883.3,0,-479276016,715,54.02279282
1790,0,-470151894.7,-468134942,-1735011.384,281941.3249,-0.003109592076,0.000505312252,2016952.709,0.003614904328,1.03726327,16.96273673,1,103.74538,0,0,-468416883.3,-468416883.3,0,-479276016,716,54.04042053
1791,0,-468416883.3,-534855602.2,1.788139343e-07,-66438718.92,3.20481121e-16,-0.1190754803,-66438718.92,-0.1190754803,0.404106163,335.0507586,1.02827,2177.2642,0,0,-468416883.3,-468416883.3,0,-479276016,717,54.05681396
1792,0,-468632933.1,-473170674.4,-216049.8028,-4753791.032,-0.0003872174909,-0.008520031086,-4537741.229,-0.008132813595,8.887575438,8.887575438,0.22055,0.357025,0,0,-468416883.3,-468416883.3,0,-479276016,718,54.11271715
1793,0,-469190325.2,-469102362.4,-773441.926,-685479.0503,-0.001386209282,-0.001228556909,87962.87561,0.0001576523725,0.7506311402,0.7506311402,0.05466,0.06703,0,0,-468416883.3,-468416883.3,0,-479276016,719,54.23868132
1794,0,-469190325.2,-475224402.7,-773441.926,-6807519.403,-0.001386209282,-0.01220084697,-6034077.477,-0.01081463769,0.7506311402,20.24936886,1,121.22179,0,0,-468416883.3,-468416883.3,0,-479276016,720,54.25090766
1795,0,-469505028.3,-465047563.2,-1088144.991,3369320.095,-0.0019502391,0.006038698747,4457465.086,0.007988937847,1.673845248,1.673845248,0.06166,0.06166,0,0,-468416883.3,-468416883.3,0,-479276016,721,54.26805234
1796,0,-468416883.3,-477216443.5,-1.788139343e-07,-8799560.211,-3.20481121e-16,-0.01577110269,-8799560.211,-0.01577110269,1.12569036,15.87430964,1,51.794145,0,0,-468416883.3,-468416883.3,0,-479276016,722,54.28582454
1797,0,-477852617.3,-472253768.2,-9435733.949,-3836884.86,-0.01691129164,-0.006876696527,5598849.088,0.01003459512,2.334758325,2.334758325,0.07032,0.186615,0,0,-468416883.3,-468416883.3,0,-479276016,723,54.31175518
1798,0,-473604480.7,-481895891.3,-5187597.396,-13479007.95,-0.009297525023,-0.02415789123,-8291410.55,-0.01486036621,1.422497524,15.57750248,1,97.11124,0,0,-468416883.3,-468416883.3,0,-479276016,724,54.3261683
1799,0,-479435345.3,-475822365.3,-11018462.02,-7405481.941,-0.01974795237,-0.01327255151,3612980.075,0.006475400863,1.207838295,1.207838295,0.04488,0.05605,0,0,-468416883.3,-468416883.3,0,-479276016,725,54.34341335
1800,0,-475187208.8,-476647719.2,-6770325.463,-8230835.919,-0.01213418575,-0.0147518007,-1460510.455,-0.002617614951,0.2955774938,9.704422506,1,44.23271,0,0,-468416883.3,-468416883.3,0,-479276016,726,54.36001563
1801,0,-473619968.1,-471807853,-5203084.77,-3390969.723,-0.009325282428,-0.006077500516,1812115.047,0.003247781912,1.182023715,1.182023715,0.10676,0.16142,0,0,-468416883.3,-468416883.3,0,-479276016,727,54.37641573
1802,0,-473619968.1,-482175754.7,-5203084.77,-13758871.41,-0.009325282428,-0.02465947942,-8555786.643,-0.01533419699,1.182023715,13.81797628,1,75.19202,0,0,-468416883.3,-468416883.3,0,-479276016,728,54.39072442
1803,0,-475187208.8,-664530729.2,-6770325.463,-196113845.9,-0.01213418575,-0.3514870662,-189343520.4,-0.3393528804,0.2955774938,352.2955775,1.6469,2270.541705,0,0,-468416883.3,-468416883.3,0,-479276016,729,54.40703058
1804,0,-476479914.4,-478115190.8,-8063031.049,-9698307.498,-0.01445105069,-0.0173818918,-1635276.449,-0.002930841109,2.355711783,2.355711783,0.12951,0.177575,0,0,-468416883.3,-468416883.3,0,-479276016,730,54.46802258
1805,0,-478483917.5,-478313629.4,-10067034.19,-9896746.036,-0.01804274603,-0.01773754532,170288.1591,0.0003052007122,1.016764392,1.016764392,0.04739,0.091545,0,0,-468416883.3,-468416883.3,0,-479276016,731,54.61932373
1806,0,-478483917.5,-477388428.9,-10067034.19,-8971545.532,-0.01804274603,-0.01607934516,1095488.663,0.001963400873,1.016764392,19.98323561,1,123.66998,0,0,-468416883.3,-468416883.3,0,-479276016,732,54.63156438
1807,0,-470504098,-471819487.2,-2087214.64,-3402603.901,-0.003740832001,-0.006098351992,-1315389.261,-0.002357519991,1.323446729,1.323446729,0.038905,0.07168,0,0,-468416883.3,-468416883.3,0,-479276016,733,54.64866257
1808,0,-471734542.3,-476550187.1,-3317658.98,-8133303.733,-0.005946108579,-0.01457699764,-4815644.753,-0.008630889056,0.6428572115,19.35714279,1,126.25766,0,0,-468416883.3,-468416883.3,0,-479276016,734,54.66610646
1809,0,-475676143.8,-475541483.5,-7259260.459,-7124600.149,-0.01301048455,-0.01276913822,134660.31,0.0002413463317,0.5712731754,0.5712731754,0.04739,0.063965,0,0,-468416883.3,-468416883.3,0,-479276016,735,54.68294215
1810,0,-475676143.8,-466336540.6,-7259260.459,2080342.7,-0.01301048455,0.003728515695,9339603.159,0.01673900024,0.5712731754,22.42872682,1,130.164395,0,0,-468416883.3,-468416883.3,0,-479276016,736,54.69934034
1811,0,-468416883.3,-472015468.8,-2.980232239e-07,-3598585.526,-5.341352017e-16,-0.006449602084,-3598585.526,-0.006449602084,1.13812546,1.13812546,0.038905,0.056395,0,0,-468416883.3,-468416883.3,0,-479276016,737,54.71925497
1812,0,-471893698.7,-475615145.6,-3476815.411,-7198262.265,-0.006231358337,-0.01290115991,-3721446.854,-0.006669801568,0.5019041956,29.4980958,1,173.756695,0,0,-468416883.3,-468416883.3,0,-479276016,738,54.74407387
1813,0,-469174327.8,-469039667.4,-757444.4373,-622784.1272,-0.001357537617,-0.001116191286,134660.31,0.0002413463317,0.5712731754,0.5712731754,0.04739,0.063965,0,0,-468416883.3,-468416883.3,0,-479276016,739,54.76127267
1814,0,-469174327.8,-478493716.6,-757444.4373,-10076833.31,-0.001357537617,-0.0180603086,-9319388.873,-0.01670277098,0.5712731754,24.42872682,1,145.743345,0,0,-468416883.3,-468416883.3,0,-479276016,740,54.77809381
1815,0,-468416883.3,-472043136.8,-1.788139343e-07,-3626253.444,-3.20481121e-16,-0.006499190195,-3626253.444,-0.006499190195,0.8963494888,0.8963494888,0.038905,0.056395,0,0,-468416883.3,-468416883.3,0,-479276016,741,54.79500437
1816,0,-471921366.7,-469890223.2,-3504483.328,-1473339.84,-0.006280946448,-0.002640608548,2031143.488,0.003640337899,0.5019041956,22.4980958,1,129.889195,0,0,-468416883.3,-468416883.3,0,-479276016,742,54.81255817
1817,0,-469174327.8,-567554729.5,-757444.4373,-99137846.22,-0.001357537617,-0.177680829,-98380401.78,-0.1763232914,0.5712731754,352.2902457,2.4246,2153.422845,0,0,-468416883.3,-468416883.3,0,-479276016,743,54.82958007
1818,0,-468416883.3,-466976714.3,1.788139343e-07,1440169.069,3.20481121e-16,0.002581157892,1440169.069,0.002581157892,6.898520931,6.898520931,0.26071,0.470165,0,0,-468416883.3,-468416883.3,0,-479276016,744,54.91330838
1819,0,-468416883.3,-468499720.3,0,-82836.96978,0,-0.0001484654148,-82836.96978,-0.0001484654148,1.567243429,1.567243429,0.05902,0.14657,0,0,-468416883.3,-468416883.3,0,-479276016,745,55.10393572
1820,0,-468416883.3,-467732574,5.960464478e-08,684309.3504,1.068270403e-16,0.001226460502,684309.3504,0.001226460502,1.540633553,9.459366447,1,11.3597,0,0,-468416883.3,-468416883.3,0,-479276016,746,55.13470817
1821,0,-468416883.3,-469343900.3,-5.960464478e-08,-927016.9834,-1.068270403e-16,-0.001661455765,-927016.9834,-0.001661455765,2.257121674,2.257121674,0.10309,0.229605,0,0,-468416883.3,-468416883.3,0,-479276016,747,55.18209887
1822,0,-468416883.3,-468352017.9,0,64865.43992,0,0.0001162557548,64865.43992,0.0001162557548,2.059522099,16.9404779,1,79.628365,0,0,-468416883.3,-468416883.3,0,-479276016,748,55.19933319
1823,0,-468416883.3,-473727512.4,-5.960464478e-08,-5310629.112,-1.068270403e-16,-0.009518029886,-5310629.112,-0.009518029886,2.736482839,2.736482839,0.10209,0.155545,0,0,-468416883.3,-468416883.3,0,-479276016,749,55.21734643
1824,0,-473323326.7,-473526096.6,-4906443.397,-5109213.271,-0.008793623863,-0.009157040264,-202769.8738,-0.0003634164011,0.6954483469,0.6954483469,0.053455,0.0685,0,0,-468416883.3,-468416883.3,0,-479276016,750,55.23786855
1825,0,-473361104.6,-461377646.3,-4944221.306,7039236.997,-0.008861331711,0.01261614522,11983458.3,0.02147747694,0.6255740623,25.37442594,1,115.249035,0,0,-468416883.3,-468416883.3,0,-479276016,751,55.25467539
1826,0,-468416883.3,-469330820.6,-5.960464478e-08,-913937.3225,-1.068270403e-16,-0.001638013608,-913937.3225,-0.001638013608,1.146460314,1.146460314,0.014065,0.014065,0,0,-468416883.3,-468416883.3,0,-479276016,752,55.27352881
1827,0,-469278680.8,-474868022.9,-861797.4876,-6451139.579,-0.00154456545,-0.01156212155,-5589342.092,-0.0100175561,0.1274292186,13.87257078,1,98.08041,0,0,-468416883.3,-468416883.3,0,-479276016,753,55.29772973
1828,0,-473268011,-473399132.6,-4851127.68,-4982249.304,-0.008694483697,-0.008929487784,-131121.6249,-0.0002350040867,0.3169648924,0.3169648924,0.014065,0.014065,0,0,-468416883.3,-468416883.3,0,-479276016,754,55.31401253
1829,0,-473346992.8,-469834891.2,-4930109.469,-1418007.887,-0.008836039626,-0.002541439284,3512101.582,0.006294600342,0.1274292186,27.87257078,1,166.891985,0,0,-468416883.3,-468416883.3,0,-479276016,755,55.33067775
1830,0,-468416883.3,-469390057,-5.960464478e-08,-973173.6895,-1.068270403e-16,-0.001744180598,-973173.6895,-0.001744180598,0.40351416,0.40351416,0.014065,0.014065,0,0,-468416883.3,-468416883.3,0,-479276016,756,55.35101986
1831,0,-469337917.2,-473871634.7,-921033.8545,-5454751.419,-0.00165073244,-0.009776334581,-4533717.565,-0.00812560214,0.1274292186,26.87257078,1,166.56313,0,0,-468416883.3,-468416883.3,0,-479276016,757,55.37137103
1832,0,-468416883.3,-466869648.7,-1.192092896e-07,1547234.635,-2.136540807e-16,0.002773047257,1547234.635,0.002773047257,0.5254572128,0.5254572128,0.014065,0.014065,0,0,-468416883.3,-468416883.3,0,-479276016,758,55.38898349
1833,0,-468416883.3,-471565496.1,5.960464478e-08,-3148612.757,1.068270403e-16,-0.00564313374,-3148612.757,-0.00564313374,0.3614217041,15.6385783,1,38.83024,0,0,-468416883.3,-468416883.3,0,-479276016,759,55.40729904
1834,0,-468416883.3,-469744803.1,-5.960464478e-08,-1327919.803,-1.068270403e-16,-0.002379977985,-1327919.803,-0.002379977985,2.52470827,2.52470827,0.10209,0.10209,0,0,-468416883.3,-468416883.3,0,-479276016,760,55.42981029
1835,0,-468859737.3,-468492167.4,-442853.9934,-75284.03616,-0.0007937096445,-0.0001349285915,367569.9572,0.000658781053,0.6464813919,0.6464813919,0,0,1,0,-468416883.3,-468416883.3,0,-479276016,761,55.4603591
1836,0,-468492167.4,-473470567.7,-75284.03616,-5053684.417,-0.0001349285915,-0.009057518102,-4978400.381,-0.008922589511,0,28,1,174.499305,0,0,-468416883.3,-468416883.3,0,-479276016,762,55.4770937
1837,0,-468416883.3,-466090231.8,-5.960464478e-08,2326651.554,-1.068270403e-16,0.004169965283,2326651.554,0.004169965283,0.356330083,0.356330083,0,0,1,0,-468416883.3,-468416883.3,0,-479276016,763,55.49417925
1838,0,-468416883.3,-470572839.4,5.960464478e-08,-2155956.127,1.068270403e-16,-0.00386403464,-2155956.127,-0.00386403464,0.356330083,11.64366992,1,77,0,0,-468416883.3,-468416883.3,0,-479276016,764,55.51161647
1839,0,-468551403.7,-468551403.7,-134520.4031,-134520.4031,-0.0002410955821,-0.0002410955821,0,0,0,0,0,0,1,0,-468416883.3,-468416883.3,0,-479276016,765,55.52936316
1840,0,-468551403.7,-473418584.1,-134520.4031,-5001700.745,-0.0002410955821,-0.00896434983,-4867180.342,-0.008723254248,0,23,1,146.403955,0,0,-468416883.3,-468416883.3,0,-479276016,766,55.54354358
1841,0,-468416883.3,-568912921.1,-5.960464478e-08,-100496037.7,-1.068270403e-16,-0.1801150618,-100496037.7,-0.1801150618,0.356330083,307.6436699,1.987885,2003.259965,0,0,-468416883.3,-468416883.3,0,-479276016,767,55.56082344
1842,0,-468416883.3,-457623197.5,-1.192092896e-07,10793685.82,-2.136540807e-16,0.01934509492,10793685.82,0.01934509492,8.035942678,8.035942678,0.17443,0.318285,0,0,-468416883.3,-468416883.3,0,-479276016,768,55.63406253
1843,0,-468416883.3,-467316939.6,0,1099943.696,0,0.001971385451,1099943.696,0.001971385451,1.815939168,1.815939168,0.00364,0.00364,0,0,-468416883.3,-468416883.3,0,-479276016,769,55.82529378
1844,0,-468416883.3,-507466442.3,-5.960464478e-08,-39049558.97,-1.068270403e-16,-0.06998697546,-39049558.97,-0.06998697546,0.2713189878,9.728681012,1,9.007985,0,0,-468416883.3,-468416883.3,0,-479276016,770,55.84253573
1845,0,-496399342.3,-500006685.8,-27982459.03,-31589802.51,-0.05015185126,-0.05661714989,-3607343.488,-0.006465298631,0.9314070185,0.9314070185,0.0821,0.12646,0,0,-468416883.3,-468416883.3,0,-479276016,771,55.86602736
1846,0,-498894691.2,-497114781.2,-30477807.87,-28697897.86,-0.054624166,-0.05143410391,1779910.003,0.00319006209,0.6171938664,9.382806134,1,33.03016,0,0,-468416883.3,-468416883.3,0,-479276016,772,55.88327456
1847,0,-495295479.7,-496235120.7,-26878596.39,-27818237.35,-0.04817344204,-0.04985752326,-939640.9583,-0.001684081214,0.7942415519,0.7942415519,0.03974,0.05351,0,0,-468416883.3,-468416883.3,0,-479276016,773,55.89965725
1848,0,-496765280.9,-503897177.2,-28348397.54,-35480293.84,-0.05080770834,-0.06358992315,-7131896.296,-0.01278221481,0.292244732,17.70775527,1,115.55286,0,0,-468416883.3,-468416883.3,0,-479276016,774,55.91604948
1849,0,-501662119.1,-503561680.6,-33245235.8,-35144797.26,-0.05958411729,-0.06298862595,-1899561.463,-0.003404508656,0.7104155239,0.7104155239,0.0821,0.09587,0,0,-468416883.3,-468416883.3,0,-479276016,775,55.93280673
1850,0,-501794726.4,-492961607.1,-33377843.03,-24544723.81,-0.05982178397,-0.0439905348,8833119.222,0.01583124918,0.5024460486,18.49755395,1,116.62582,0,0,-468416883.3,-468416883.3,0,-479276016,776,55.94933057
1851,0,-495295479.7,-569816887.6,-26878596.39,-101400004.3,-0.04817344204,-0.1817352052,-74521407.92,-0.1335617632,0.7942415519,334.8383601,1.5138,2225.681515,0,0,-468416883.3,-468416883.3,0,-479276016,777,55.96600747
1852,0,-468416883.3,-471412365.6,-4.172325134e-07,-2995482.285,-7.477892823e-16,-0.005368684069,-2995482.285,-0.005368684069,2.433194346,2.433194346,0.13063,0.13857,0,0,-468416883.3,-468416883.3,0,-479276016,778,56.05261135
1853,0,-474208572,-474556157.4,-5791688.683,-6139274.046,-0.01038021387,-0.01100317733,-347585.363,-0.0006229634575,0.1946015368,0.1946015368,0.01606,0.024,0,0,-468416883.3,-468416883.3,0,-479276016,779,56.23368335
1854,0,-474208572,-476557443.9,-5791688.683,-8140560.54,-0.01038021387,-0.01459000372,-2348871.857,-0.00420978985,0.1946015368,27.80539846,1,154.82834,0,0,-468416883.3,-468416883.3,0,-479276016,780,56.24602008
1855,0,-468416883.3,-463546382.3,-2.384185791e-07,4870501,-4.273081613e-16,0.008729205731,4870501,0.008729205731,1.90351373,1.90351373,0.07739,0.07739,0,0,-468416883.3,-468416883.3,0,-479276016,781,56.26847744
1856,0,-468416883.3,-473653593.2,-2.384185791e-07,-5236709.844,-4.273081613e-16,-0.009385547315,-5236709.844,-0.009385547315,1.222837932,1.222837932,0.07739,0.07739,0,0,-468416883.3,-468416883.3,0,-479276016,782,56.29803753
1857,0,-471836540.1,-470509801.4,-3419656.737,-2092918.083,-0.006128915112,-0.003751054055,1326738.654,0.002377861058,0.5377856724,0.5377856724,0.05724,0.07871,0,0,-468416883.3,-468416883.3,0,-479276016,783,56.31736016
1858,0,-469326042.6,-480370073,-909159.2669,-11953189.71,-0.001629450088,-0.02142322774,-11044030.44,-0.01979377765,0.2747761803,29.72522382,1,168.449945,0,0,-468416883.3,-468416883.3,0,-479276016,784,56.33426309
1859,0,-468416883.3,-468482354.1,-1.788139343e-07,-65470.75179,-3.20481121e-16,-0.0001173406312,-65470.75179,-0.0001173406312,0.7499274916,0.7499274916,0.15972,0.15972,0,0,-468416883.3,-468416883.3,0,-479276016,785,56.3513658
1860,0,-468416883.3,-478923356,-2.980232239e-07,-10506472.71,-5.341352017e-16,-0.01883033424,-10506472.71,-0.01883033424,0.7499274916,22.25007251,1,134.04438,0,0,-468416883.3,-468416883.3,0,-479276016,786,56.3692143
1861,0,-468416883.3,-467310789.8,-2.980232239e-07,1106093.483,-5.341352017e-16,0.001982407472,1106093.483,0.001982407472,0.5452495819,0.5452495819,0.05263,0.09701,0,0,-468416883.3,-468416883.3,0,-479276016,787,56.38764167
1862,0,-468416883.3,-485854522.2,-4.172325134e-07,-17437638.87,-7.477892823e-16,-0.03125278841,-17437638.87,-0.03125278841,0.5452495819,29.45475042,1,165.458635,0,0,-468416883.3,-468416883.3,0,-479276016,788,56.40532446
1863,0,-478283802.2,-477263585.9,-9866918.839,-8846702.572,-0.01768408722,-0.01585559407,1020216.267,0.001828493143,0.3245177621,0.3245177621,0.02855,0.04651,0,0,-468416883.3,-468416883.3,0,-479276016,789,56.42412972
1864,0,-478046995.6,-494544525.9,-9630112.32,-26127642.53,-0.01725966829,-0.04682753724,-16497530.21,-0.02956786895,0.2491926333,16.75080737,1,116.20028,0,0,-468416883.3,-468416883.3,0,-479276016,790,56.44318295
1865,0,-480587031.1,-472647003.2,-12170147.74,-4230119.872,-0.02181207301,-0.007581476039,7940027.871,0.01423059697,2.705714847,2.705714847,0.30124,0.305015,0,0,-468416883.3,-468416883.3,0,-479276016,791,56.46040916
1866,0,-472733227.6,-480425974.7,-4316344.274,-12009091.34,-0.007736012614,-0.02152341802,-7692747.068,-0.0137874054,1.481942497,27.5180575,1,161.39599,0,0,-468416883.3,-468416883.3,0,-479276016,792,56.47899699
1867,0,-471724954.9,-475386939.8,-3308071.62,-6970056.501,-0.005928925534,-0.01249215577,-3661984.88,-0.006563230232,0.9643577673,0.9643577673,0.10038,0.10038,0,0,-468416883.3,-468416883.3,0,-479276016,793,56.4958446
1868,0,-473426974.1,-485882190.1,-5010090.775,-17465306.79,-0.008979386947,-0.03130237652,-12455216.02,-0.02232298957,0.4852742299,27.51472577,1,165.487205,0,0,-468416883.3,-468416883.3,0,-479276016,794,56.51318932
1869,0,-478283802.2,-558492083.1,-9866918.839,-90075199.79,-0.01768408722,-0.1614382073,-80208280.95,-0.1437541201,0.3245177621,322.3245178,1.259375,2104.6945,0,0,-468416883.3,-468416883.3,0,-479276016,795,56.5302825
1870,0,-468416883.3,-470402119.9,-1.192092896e-07,-1985236.555,-2.136540807e-16,-0.003558060723,-1985236.555,-0.003558060723,5.061671304,5.061671304,0.2417,0.2417,0,0,-468416883.3,-468416883.3,0,-479276016,796,56.57290053
1871,0,-468416883.3,-466875771.4,-4.172325134e-07,1541111.878,-7.477892823e-16,0.002762073684,1541111.878,0.002762073684,0.8683767209,0.8683767209,0.06094,0.09446,0,0,-468416883.3,-468416883.3,0,-479276016,797,56.71394968
1872,0,-468416883.3,-495995997.9,-3.576278687e-07,-27579114.56,-6.40962242e-16,-0.04942895298,-27579114.56,-0.04942895298,0.7615949867,20.23840501,1,116.247855,0,0,-468416883.3,-468416883.3,0,-479276016,798,56.73563552
1873,0,-483166485.6,-489662516.6,-14749602.27,-21245633.27,-0.02643512704,-0.0380777057,-6496030.999,-0.01164257866,1.29252425,1.29252425,0.06862,0.136835,0,0,-468416883.3,-468416883.3,0,-479276016,799,56.76757407
1874,0,-488294497.9,-485442761.5,-19877614.57,-17025878.18,-0.03562586005,-0.03051480604,2851736.39,0.005111054004,0.8126495815,17.18735042,1,65.791345,0,0,-468416883.3,-468416883.3,0,-479276016,800,56.78585434
1875,0,-476157705,-473154191.1,-7740821.678,-4737307.826,-0.01387356762,-0.00849048889,3003513.852,0.005383078729,2.219106384,2.219106384,0.2417,0.249255,0,0,-468416883.3,-468416883.3,0,-479276016,801,56.80366564
1876,0,-475810853.5,-477702046.8,-7393970.152,-9285163.482,-0.01325191939,-0.01664143017,-1891193.33,-0.003389510783,0.5476011275,0.5476011275,0.03325,0.040805,0,0,-468416883.3,-468416883.3,0,-479276016,802,56.8230021
1877,0,-477166833.9,-479401388.4,-8749950.6,-10984505.08,-0.01568218935,-0.0196870927,-2234554.476,-0.004004903344,0.2281660232,16.77183398,1,110.191825,0,0,-468416883.3,-468416883.3,0,-479276016,803,56.83951712
1878,0,-469850476.4,-470037009.7,-1433593.088,-1620126.424,-0.002569372021,-0.00290368832,-186533.3367,-0.0003343162997,0.5296532444,0.5296532444,0.06862,0.1078,0,0,-468416883.3,-468416883.3,0,-479276016,804,56.85611677
1879,0,-469850476.4,-466834915.2,-1433593.088,1581968.172,-0.002569372021,0.002835298798,3015561.259,0.005404670819,0.5296532444,21.47034676,1,117.536195,0,0,-468416883.3,-468416883.3,0,-479276016,805,56.87488151
1880,0,-468416883.3,-464870453.5,-3.576278687e-07,3546429.775,-6.40962242e-16,0.0063561254,3546429.775,0.0063561254,0.5500584374,0.5500584374,0.007555,0.013655,0,0,-468416883.3,-468416883.3,0,-479276016,806,56.89315104
1881,0,-468416883.3,-477886448.6,-2.384185791e-07,-9469565.233,-4.273081613e-16,-0.01697192611,-9469565.233,-0.01697192611,0.5500584374,25.44994156,1,155.70926,0,0,-468416883.3,-468416883.3,0,-479276016,807,56.9110024
1882,0,-477047039,-477708672.2,-8630155.648,-9291788.891,-0.01546748561,-0.01665330463,-661633.243,-0.001185819015,0.697877976,0.697877976,0.06862,0.1078,0,0,-468416883.3,-468416883.3,0,-479276016,808,56.93003917
1883,0,-477522138.9,-489100648.3,-9105255.555,-20683765,-0.01631898833,-0.03707069149,-11578509.44,-0.02075170316,0.5296532444,15.47034676,1,103.18299,0,0,-468416883.3,-468416883.3,0,-479276016,809,56.94832611
1884,0,-480443076.1,-481847360.8,-12026192.78,-13430477.52,-0.02155406824,-0.02407091207,-1404284.736,-0.002516843825,0.5542407703,0.5542407703,0.06862,0.076175,0,0,-468416883.3,-468416883.3,0,-479276016,810,56.96513152
1885,0,-480918176,-470420618.8,-12501292.69,-2003735.469,-0.02240557096,-0.003591215594,10497557.22,0.01881435537,0.3860160387,23.61398396,1,134.78492,0,0,-468416883.3,-468416883.3,0,-479276016,811,56.98168015
1886,0,-473756266,-474894261.9,-5339382.644,-6477378.627,-0.009569563701,-0.01160914876,-1137995.983,-0.002039585056,1.137302345,1.137302345,0.06862,0.14315,0,0,-468416883.3,-468416883.3,0,-479276016,812,56.99846268
1887,0,-474231365.9,-469536803.9,-5814482.55,-1119920.555,-0.01042106642,-0.002007189184,4694561.995,0.008413877232,0.9690776133,22.03092239,1,119.02091,0,0,-468416883.3,-468416883.3,0,-479276016,813,57.01537609
1888,0,-475503776.4,-476484989.3,-7086893.123,-8068105.961,-0.01270155741,-0.01446014626,-981212.8383,-0.001758588846,0.7239125563,0.7239125563,0.06862,0.097275,0,0,-468416883.3,-468416883.3,0,-479276016,814,57.03231382
1889,0,-476016153.5,-480768562,-7599270.157,-12351678.73,-0.01361987044,-0.02213742379,-4752408.57,-0.008517553353,0.4872393536,20.51276065,1,116.25215,0,0,-468416883.3,-468416883.3,0,-479276016,815,57.04991674
1890,0,-479900332.7,-487041840.2,-11483449.37,-18624956.9,-0.02058133076,-0.03338077141,-7141507.533,-0.01279944065,2.563701189,2.563701189,0.098195,0.278025,0,0,-468416883.3,-468416883.3,0,-479276016,816,57.06692743
1891,0,-482278063.5,-480374622.9,-13861180.2,-11957739.61,-0.02484284341,-0.02143138234,1903440.593,0.003411461065,1.824599153,11.17540085,1,28.51326,0,0,-468416883.3,-468416883.3,0,-479276016,817,57.08417845
1892,0,-475751335.8,-478307856,-7334452.497,-9890972.678,-0.01314524825,-0.01772719796,-2556520.181,-0.004581949704,0.9362041596,0.9362041596,0.06862,0.076175,0,0,-468416883.3,-468416883.3,0,-479276016,818,57.10084462
1893,0,-477378671.2,-479878786.8,-8961787.848,-11461903.48,-0.01606185685,-0.02054271492,-2500115.633,-0.004480858069,0.3860160387,24.61398396,1,142.58487,0,0,-468416883.3,-468416883.3,0,-479276016,819,57.11931419
1894,0,-476495245.2,-473287948.5,-8078361.861,-4871065.22,-0.0144785275,-0.008730216961,3207296.641,0.005748310537,2.088597354,2.088597354,0.15453,0.29158,0,0,-468416883.3,-468416883.3,0,-479276016,820,57.1359756
1895,0,-475817828.1,-477835804.2,-7400944.769,-9418920.876,-0.01326441972,-0.01688115824,-2017976.107,-0.003616738524,1.196216062,1.196216062,0.06862,0.13705,0,0,-468416883.3,-468416883.3,0,-479276016,821,57.15287948
1896,0,-476994227.1,-477770702.6,-8577343.795,-9353819.24,-0.01537283302,-0.01676447916,-776475.4456,-0.001391646139,0.9375449175,19.06245508,1,117.91207,0,0,-468416883.3,-468416883.3,0,-479276016,822,57.16926599
1897,0,-475689895.1,-573943882.6,-7273011.788,-105526999.3,-0.01303513051,-0.1891318547,-98253987.53,-0.1760967241,0.8813603856,363.9097758,1.667375,2321.99458,0,0,-468416883.3,-468416883.3,0,-479276016,823,57.18597627
1898,0,-468416883.3,-471798438.3,-7.748603821e-07,-3381554.983,-1.388751524e-15,-0.00606062685,-3381554.983,-0.00606062685,2.301625238,2.301625238,0.043425,0.068005,0,0,-468416883.3,-468416883.3,0,-479276016,824,57.27984238
1899,0,-469428714.8,-448509812.5,-1011831.48,19907070.8,-0.001813465422,0.0356786533,20918902.28,0.03749211872,0.764077158,27.23592284,1.09637,151.901205,0,0,-468416883.3,-468416883.3,0,-479276016,825,57.47840047
1900,0,-468416883.3,-464329052.4,-2.980232239e-07,4087830.903,-5.341352017e-16,0.007326457164,4087830.903,0.007326457164,1.018983874,1.018983874,0.03852,0.080945,0,0,-468416883.3,-468416883.3,0,-479276016,826,57.49907804
1901,0,-468416883.3,-480049666.5,-2.980232239e-07,-11632783.14,-5.341352017e-16,-0.02084897576,-11632783.14,-0.02084897576,0.9391612755,28.06083872,1,152.6461,0,0,-468416883.3,-468416883.3,0,-479276016,827,57.51875687
1902,0,-477297214.8,-476669022.2,-8880331.493,-8252138.903,-0.01591586586,-0.0147899812,628192.5899,0.001125884659,0.2568353788,0.2568353788,0.023965,0.02952,0,0,-468416883.3,-468416883.3,0,-479276016,828,57.53796792
1903,0,-477297214.8,-493297641.9,-8880331.493,-24880758.58,-0.01591586586,-0.04459279659,-16000427.08,-0.02867693073,0.2568353788,28.74316462,1,168.071425,0,0,-468416883.3,-468416883.3,0,-479276016,829,57.55477595
1904,0,-477646141.9,-483802954.3,-9229258.581,-15386070.99,-0.01654123403,-0.02757584468,-6156812.41,-0.01103461064,1.020829382,1.020829382,0.04798,0.064315,0,0,-468416883.3,-468416883.3,0,-479276016,830,57.57149005
1905,0,-482895679.4,-475785006.5,-14478796.07,-7368123.226,-0.02594977183,-0.01320559497,7110672.844,0.01274417686,0.6302272297,27.36977277,1,139.473705,0,0,-468416883.3,-468416883.3,0,-479276016,831,57.58912921
1906,0,-472102454.1,-473300170.1,-3685570.826,-4883286.768,-0.006605502385,-0.008752121156,-1197715.942,-0.00214661877,0.7493600052,0.7493600052,0.04313,0.096265,0,0,-468416883.3,-468416883.3,0,-479276016,832,57.60662532
1907,0,-471783147.1,-471022404.4,-3366263.748,-2605521.101,-0.006033220977,-0.004669772109,760742.6472,0.001363448868,0.6330576828,28.36694232,1,162.78481,0,0,-468416883.3,-468416883.3,0,-479276016,833,57.62491345
1908,0,-468416883.3,-462321712.1,-4.172325134e-07,6095171.241,-7.477892823e-16,0.01092413362,6095171.241,0.01092413362,1.471819166,1.471819166,0.07055,0.1204,0,0,-468416883.3,-468416883.3,0,-479276016,834,57.64345145
1909,0,-468416883.3,-488926650.4,-3.576278687e-07,-20509767.11,-6.40962242e-16,-0.03675884198,-20509767.11,-0.03675884198,1.471819166,27.52818083,1,162.39283,0,0,-468416883.3,-468416883.3,0,-479276016,835,57.66169477
1910,0,-479241273.9,-478820521.7,-10824390.56,-10403638.41,-0.01940012579,-0.01864602841,420752.1466,0.0007540973813,0.9291336739,0.9291336739,0.15721,0.173545,0,0,-468416883.3,-468416883.3,0,-479276016,836,57.68091297
1911,0,-479168423.4,-486505515.7,-10751540.07,-18088632.35,-0.01926955876,-0.03241953819,-7337092.278,-0.01314997943,0.8730182248,19.12698178,1,110.28361,0,0,-468416883.3,-468416883.3,0,-479276016,837,57.69977045
1912,0,-486151425.4,-489989892.3,-17734542.04,-21573008.95,-0.03178491618,-0.03866444815,-3838466.906,-0.006879531965,1.685393439,1.685393439,0.04884,0.065175,0,0,-468416883.3,-468416883.3,0,-479276016,838,57.71642852
1913,0,-489200118.1,-479115438.4,-20783234.79,-10698555.06,-0.03724896725,-0.01917459582,10084679.73,0.01807437143,0.6081885689,23.39181143,1.16602,120.91412,0,0,-468416883.3,-468416883.3,0,-479276016,839,57.73392344
1914,0,-479993242.7,-480889377.5,-11576359.37,-12472494.2,-0.02074784966,-0.02235395657,-896134.8293,-0.001606106905,0.4286505428,0.4286505428,0.016335,0.016335,0,0,-468416883.3,-468416883.3,0,-479276016,840,57.75138879
1915,0,-480936582.5,-477925236.7,-12519699.18,-9508353.419,-0.02243856019,-0.01704144464,3011345.76,0.005397115546,0.1384791455,22.86152085,1,137.02067,0,0,-468416883.3,-468416883.3,0,-479276016,841,57.76820612
1916,0,-478133794.9,-568698984.2,-9716911.576,-100282100.8,-0.01741523515,-0.1797316312,-90565189.27,-0.162316396,0.9183229416,339.9183229,2.3811,2261.7625,0,0,-468416883.3,-468416883.3,0,-479276016,842,57.7848537
1917,0,-468416883.3,-472263536.2,-7.748603821e-07,-3846652.861,-1.388751524e-15,-0.006894203328,-3846652.861,-0.006894203328,4.5863638,4.5863638,0.0948,0.134525,0,0,-468416883.3,-468416883.3,0,-479276016,843,57.84708428
1918,0,-471781402.4,-473212407,-3364519.117,-4795523.66,-0.006030094143,-0.008594826818,-1431004.543,-0.002564732675,1.417238501,26.5827615,1,120.407515,0,0,-468416883.3,-468416883.3,0,-479276016,844,57.94975972
1919,0,-468416883.3,-467686620.5,-5.960464478e-07,730262.8717,-1.068270403e-15,0.001308821176,730262.8717,0.001308821176,1.682372386,1.682372386,0.02476,0.040335,0,0,-468416883.3,-468416883.3,0,-479276016,845,57.96962023
1920,0,-468416883.3,-474257303.2,-4.768371582e-07,-5840419.892,-8.546163227e-16,-0.01046755289,-5840419.892,-0.01046755289,0.6696498453,16.33035015,1,90.81531,0,0,-468416883.3,-468416883.3,0,-479276016,846,57.99253631
1921,0,-470135115.4,-469305778.1,-1718232.031,-888894.7824,-0.003079519107,-0.001593130856,829337.2481,0.00148638825,0.9518025904,0.9518025904,0.031045,0.037635,0,0,-468416883.3,-468416883.3,0,-479276016,847,58.01299143
1922,0,-469424632.1,-459811076.5,-1007748.779,8605806.834,-0.001806148159,0.0154238462,9613555.613,0.01722999436,0.3411693258,19.65883067,1,118.438535,0,0,-468416883.3,-468416883.3,0,-479276016,848,58.0296638
1923,0,-468416883.3,-469777829.9,-5.36441803e-07,-1360946.585,-9.61443363e-16,-0.002439170576,-1360946.585,-0.002439170576,0.84518405,0.84518405,0.02476,0.03135,0,0,-468416883.3,-468416883.3,0,-479276016,849,58.04694343
1924,0,-469684001.3,-466447585.5,-1267118.011,1969297.774,-0.002271005345,0.00352949428,3236415.785,0.005800499624,0.2842270834,18.71577292,1,124.9652,0,0,-468416883.3,-468416883.3,0,-479276016,850,58.07417464
1925,0,-468416883.3,-583495217.2,-4.172325134e-07,-115078333.9,-7.477892823e-16,-0.2062503327,-115078333.9,-0.2062503327,1.240119034,343.2843705,1.250415,2119.397265,0,0,-468416883.3,-468416883.3,0,-479276016,851,58.09150696
1926,0,-468416883.3,-460891647.9,-2.980232239e-07,7525235.417,-5.341352017e-16,0.01348718091,7525235.417,0.01348718091,8.112636945,8.112636945,0.15323,0.317845,0,0,-468416883.3,-468416883.3,0,-479276016,852,58.20705414
1927,0,-468416883.3,-472225224.5,-4.172325134e-07,-3808341.175,-7.477892823e-16,-0.006825538813,-3808341.175,-0.006825538813,1.780809469,1.780809469,0.101315,0.170705,0,0,-468416883.3,-468416883.3,0,-479276016,853,58.4059577
1928,0,-470679504,-476588438.9,-2262620.72,-8171555.598,-0.004055205359,-0.01464555494,-5908934.878,-0.01059034958,1.131373918,28.86862608,1,161.598605,0,0,-468416883.3,-468416883.3,0,-479276016,854,58.42776012
1929,0,-468416883.3,-468660927.4,-4.768371582e-07,-244044.0568,-8.546163227e-16,-0.0004373904819,-244044.0568,-0.0004373904819,1.361434442,1.361434442,0.08559,0.13429,0,0,-468416883.3,-468416883.3,0,-479276016,855,58.44795346
1930,0,-468416883.3,-472466159.9,-2.980232239e-07,-4049276.612,-5.341352017e-16,-0.007257357838,-4049276.612,-0.007257357838,0.8639242267,14.13607577,1,76.365095,0,0,-468416883.3,-468416883.3,0,-479276016,856,58.47130466
1931,0,-468416883.3,-476347773.9,-4.172325134e-07,-7930890.609,-7.477892823e-16,-0.01421422062,-7930890.609,-0.01421422062,2.807511584,2.807511584,0.10073,0.18057,0,0,-468416883.3,-468416883.3,0,-479276016,857,58.49272966
1932,0,-474169317.1,-470761874.8,-5752433.813,-2344991.507,-0.01030985893,-0.004202835253,3407442.306,0.006107023673,1.36380597,11.63619403,1,35.683555,0,0,-468416883.3,-468416883.3,0,-479276016,858,58.51118565
1933,0,-469914625.4,-467805888.4,-1497742.073,610994.8769,-0.002684343703,0.00109506188,2108736.95,0.003779405583,2.165456056,2.165456056,0.1279,0.221705,0,0,-468416883.3,-468416883.3,0,-479276016,859,58.53012514
1934,0,-469588215.1,-480505240.7,-1171331.776,-12088357.39,-0.002099331475,-0.02166548341,-10917025.61,-0.01956615193,2.029337046,8.970662954,1,16.230735,0,0,-468416883.3,-468416883.3,0,-479276016,860,58.54764843
1935,0,-476744184.6,-477791975.8,-8327301.247,-9375092.455,-0.01492469168,-0.0168026063,-1047791.207,-0.001877914616,0.8504653219,0.8504653219,0.01522,0.02751,0,0,-468416883.3,-468416883.3,0,-479276016,861,58.56528831
1936,0,-477625735.7,-481860172.6,-9208852.355,-13443289.3,-0.01650466076,-0.02409387413,-4234436.947,-0.007589213361,0.2562160491,16.74378395,1,112.062285,0,0,-468416883.3,-468416883.3,0,-479276016,862,58.58256459
1937,0,-478852938.6,-480607652,-10436055.24,-12190768.67,-0.01870412782,-0.02184903108,-1754713.425,-0.003144903264,0.7619195584,0.7619195584,0.03507,0.04736,0,0,-468416883.3,-468416883.3,0,-479276016,863,58.59958458
1938,0,-478768256.6,-464986298.5,-10351373.29,3430584.785,-0.01855235572,0.00614850102,13781958.08,0.02470085674,0.4316245559,21.56837544,1,122.3628,0,0,-468416883.3,-468416883.3,0,-479276016,864,58.61675119
1939,0,-468416883.3,-468239633.5,-4.172325134e-07,177249.8406,-7.477892823e-16,0.0003176778579,177249.8406,0.0003176778579,0.9608106478,0.9608106478,0.10104,0.15072,0,0,-468416883.3,-468416883.3,0,-479276016,865,58.63385367
1940,0,-471565855.8,-474769117.4,-3148972.473,-6352234.098,-0.005643778445,-0.01138485718,-3203261.625,-0.005741078738,0.9314707945,0.9314707945,0.04968,0.04968,0,0,-468416883.3,-468416883.3,0,-479276016,866,58.65100193
1941,0,-474734810.7,-465008300.2,-6317927.393,3408583.087,-0.01132337064,0.006109068249,9726510.48,0.01743243889,0.4461407211,19.55385928,1,119.385515,0,0,-468416883.3,-468416883.3,0,-479276016,867,58.66735005
1942,0,-473038247.5,-474941120.8,-4621364.145,-6524237.482,-0.008282687628,-0.01169313202,-1902873.337,-0.003410444396,0.6784163387,0.6784163387,0.01229,0.01229,0,0,-468416883.3,-468416883.3,0,-479276016,868,58.6837666
1943,0,-474922137.2,-470526997.3,-6505253.857,-2110113.974,-0.01165910843,-0.003781873567,4395139.883,0.007877234859,0.1103677428,21.88963226,1,127.083395,0,0,-468416883.3,-468416883.3,0,-479276016,869,58.70098996
1944,0,-468416883.3,-489884614,-2.980232239e-07,-21467730.66,-5.341352017e-16,-0.03847576204,-21467730.66,-0.03847576204,0.9608106478,322.4481558,1.05232,2144.327095,0,0,-468416883.3,-468416883.3,0,-479276016,870,58.71776414
1945,0,-468416883.3,-485723185.9,-4.172325134e-07,-17306302.56,-7.477892823e-16,-0.03101739954,-17306302.56,-0.03101739954,12.57202689,12.57202689,0.10775,0.353755,0,0,-468416883.3,-468416883.3,0,-479276016,871,58.79956174
1946,0,-472916834.8,-475236971.2,-4499951.519,-6820087.905,-0.008065084595,-0.012223373,-2320136.387,-0.004158288407,1.828568601,1.828568601,0.10775,0.310905,0,0,-468416883.3,-468416883.3,0,-479276016,872,58.90972233
1947,0,-472686796.8,-462233342.3,-4269913.494,6183540.983,-0.007652796569,0.0110825152,10453454.48,0.01873531177,1.785377287,14.21462271,1,38.028375,0,0,-468416883.3,-468416883.3,0,-479276016,873,58.92660093
1948,0,-468416883.3,-470354207.1,-4.172325134e-07,-1937323.771,-7.477892823e-16,-0.003472188542,-1937323.771,-0.003472188542,1.849832918,1.849832918,0.09124,0.22688,0,0,-468416883.3,-468416883.3,0,-479276016,874,58.94908357
1949,0,-468416883.3,-463185882.4,-4.172325134e-07,5231000.951,-7.477892823e-16,0.009375315493,5231000.951,0.009375315493,1.783051235,17.21694876,1.07834,57.317195,0,0,-468416883.3,-468416883.3,0,-479276016,875,58.96785259
1950,0,-468416883.3,-469189050.4,-4.768371582e-07,-772167.1256,-8.546163227e-16,-0.001383924508,-772167.1256,-0.001383924508,2.194778006,2.194778006,0.09124,0.20422,0,0,-468416883.3,-468416883.3,0,-479276016,876,58.98913074
1951,0,-468416883.3,-468057030.2,-5.36441803e-07,359853.12,-9.61443363e-16,0.0006449504718,359853.12,0.0006449504718,1.599587639,23.40041236,1,123.619985,0,0,-468416883.3,-468416883.3,0,-479276016,877,59.00854421
1952,0,-468416883.3,-468537012.5,-5.36441803e-07,-120129.2226,-9.61443363e-16,-0.0002153028401,-120129.2226,-0.0002153028401,1.563473054,1.563473054,0.06233,0.207835,0,0,-468416883.3,-468416883.3,0,-479276016,878,59.02986813
1953,0,-468416883.3,-463390618.5,-4.172325134e-07,5026264.808,-7.477892823e-16,0.009008375025,5026264.808,0.009008375025,0.9702556963,18.0297443,1,111.378315,0,0,-468416883.3,-468416883.3,0,-479276016,879,59.05758572
1954,0,-468416883.3,-470087708.1,-4.172325134e-07,-1670824.736,-7.477892823e-16,-0.002994552892,-1670824.736,-0.002994552892,1.260454699,1.260454699,0.06441,0.128735,0,0,-468416883.3,-468416883.3,0,-479276016,880,59.07501173
1955,0,-471125599,-467652112.6,-2708715.683,764770.7437,-0.004854723665,0.001370668266,3473486.427,0.006225391931,0.8041417882,19.19585821,1.02235,115.758155,0,0,-468416883.3,-468416883.3,0,-479276016,881,59.09187698
1956,0,-469157653.6,-469535021.9,-740770.2736,-1118138.588,-0.001327653175,-0.002003995435,-377368.3146,-0.0006763422602,1.522545845,1.522545845,0.06441,0.12235,0,0,-468416883.3,-468416883.3,0,-479276016,882,59.10828948
1957,0,-470758182.2,-471160154.7,-2341298.835,-2743271.335,-0.004196217023,-0.004916656389,-401972.5007,-0.0007204393669,0.7539097058,28.24609029,1,174.208885,0,0,-468416883.3,-468416883.3,0,-479276016,883,59.12469912
1958,0,-468416883.3,-562070523.2,-4.768371582e-07,-93653639.91,-8.546163227e-16,-0.1678517036,-93653639.91,-0.1678517036,1.260454699,307.7317708,1.91489,2024.01303,0,0,-468416883.3,-468416883.3,0,-479276016,884,59.14157653
1959,0,-468416883.3,-469941663.2,-1.788139343e-07,-1524779.905,-3.20481121e-16,-0.002732802537,-1524779.905,-0.002732802537,11.84310371,11.84310371,0.32245,0.755215,0,0,-468416883.3,-468416883.3,0,-479276016,885,59.21356606
1960,0,-468416883.3,-474464914.4,-2.384185791e-07,-6048031.091,-4.273081613e-16,-0.0108396462,-6048031.091,-0.0108396462,3.05114556,3.05114556,0.12115,0.323495,0,0,-468416883.3,-468416883.3,0,-479276016,886,59.39285326
1961,0,-473529534.5,-417594559.3,-5112651.198,50822324.02,-0.009163201925,0.09108683524,55934975.22,0.1002500372,2.28281698,18.71718302,1,46.4431,0,0,-468416883.3,-468416883.3,0,-479276016,887,59.41071677
1962,0,-468416883.3,-468330824.6,-5.960464478e-08,86058.71434,-1.068270403e-16,0.0001542396198,86058.71434,0.0001542396198,3.270749803,3.270749803,0.11845,0.2207,0,0,-468416883.3,-468416883.3,0,-479276016,888,59.43280864
1963,0,-468416883.3,-467621786.3,-5.960464478e-08,795097.0468,-1.068270403e-16,0.001425020896,795097.0468,0.001425020896,1.425517397,1.425517397,0.06286,0.10225,0,0,-468416883.3,-468416883.3,0,-479276016,889,59.46097469
1964,0,-468416883.3,-475428674.4,-1.788139343e-07,-7011791.093,-3.20481121e-16,-0.01256695502,-7011791.093,-0.01256695502,1.021173723,24.97882628,1,135.54717,0,0,-468416883.3,-468416883.3,0,-479276016,890,59.48041606
1965,0,-468416883.3,-468179453.6,-2.980232239e-07,237429.6999,-5.341352017e-16,0.0004255358325,237429.6999,0.0004255358325,0.5890812505,0.5890812505,0.02892,0.054775,0,0,-468416883.3,-468416883.3,0,-479276016,891,59.51062799
1966,0,-468416883.3,-472218907.4,-2.384185791e-07,-3802024.036,-4.273081613e-16,-0.006814216856,-3802024.036,-0.006814216856,0.5890812505,17.41091875,1,105.373535,0,0,-468416883.3,-468416883.3,0,-479276016,892,59.52823544
1967,0,-470771834.8,-470451127.8,-2354951.497,-2034244.51,-0.004220686148,-0.003645895737,320706.987,0.0005747904104,0.9881196652,0.9881196652,0.052945,0.055215,0,0,-468416883.3,-468416883.3,0,-479276016,893,59.56287575
1968,0,-470567829.8,-465242318.3,-2150946.461,3174565.056,-0.003855056014,0.005689647016,5325511.517,0.009544703031,0.4604662175,24.53953378,1,145.00075,0,0,-468416883.3,-468416883.3,0,-479276016,894,59.57969737
1969,0,-468416883.3,-467989955.9,-1.192092896e-07,426927.4473,-2.136540807e-16,0.0007651651277,426927.4473,0.0007651651277,1.032412771,1.032412771,0.052945,0.053115,0,0,-468416883.3,-468416883.3,0,-479276016,895,59.5981195
1970,0,-468416883.3,-469247843,-5.960464478e-08,-830959.6592,-1.068270403e-16,-0.001489296033,-830959.6592,-0.001489296033,0.4922811101,9.50771889,1,26.61095,0,0,-468416883.3,-468416883.3,0,-479276016,896,59.61990333
1971,0,-470771834.8,-591076796.3,-2354951.497,-122659912.9,-0.004220686148,-0.2198384961,-120304961.4,-0.2156178099,0.9881196652,331.9978911,1.44421,2153.240385,0,0,-468416883.3,-468416883.3,0,-479276016,897,59.64149022
1972,0,-468416883.3,-463088242.8,5.960464478e-08,5328640.529,1.068270403e-16,0.009550311034,5328640.529,0.009550311034,5.825337222,5.825337222,0.14295,0.36282,0,0,-468416883.3,-468416883.3,0,-479276016,898,59.70499396
1973,0,-468416883.3,-463260246.2,5.960464478e-08,5156637.145,1.068270403e-16,0.009242036193,5156637.145,0.009242036193,3.251380661,3.251380661,0.14295,0.298785,0,0,-468416883.3,-468416883.3,0,-479276016,899,59.918396
1974,0,-468416883.3,-499602287.4,5.960464478e-08,-31185404.09,1.068270403e-16,-0.05589236264,-31185404.09,-0.05589236264,2.833119847,18.16688015,1,12.07454,0,0,-468416883.3,-468416883.3,0,-479276016,900,59.9356451
1975,0,-486196162.3,-493020384.8,-17779279.02,-24603501.5,-0.03186509649,-0.04409587973,-6824222.479,-0.01223078323,2.769296443,2.769296443,0.21795,0.422855,0,0,-468416883.3,-468416883.3,0,-479276016,901,59.98239756
1976,0,-486050812.1,-485847971.2,-17633928.82,-17431087.84,-0.0316045911,-0.03124104725,202840.9829,0.000363543847,2.621474672,12.37852533,1,34.344865,0,0,-468416883.3,-468416883.3,0,-479276016,902,59.99966526
1977,0,-482174735.3,-482022501.9,-13757851.93,-13605618.55,-0.02465765225,-0.0243848104,152233.3841,0.0002728418552,0.7914223447,0.7914223447,0.034195,0.068015,0,0,-468416883.3,-468416883.3,0,-479276016,903,60.01763487
1978,0,-482064850.7,-487504814,-13647967.34,-19087930.68,-0.02446071045,-0.03421054094,-5439963.341,-0.009749830494,0.5879794588,18.41202054,1,113.356865,0,0,-468416883.3,-468416883.3,0,-479276016,904,60.03405666
1979,0,-482487058.2,-485967838.4,-14070174.87,-17550955.06,-0.02521741626,-0.03145588051,-3480780.187,-0.006238464248,1.976475555,1.976475555,0.06328,0.143295,0,0,-468416883.3,-468416883.3,0,-479276016,905,60.0505681
1980,0,-484821869.6,-482339891.9,-16404986.25,-13923008.6,-0.02940200608,-0.02495365599,2481977.652,0.004448350086,0.9997106383,13.00028936,1,52.45917,0,0,-468416883.3,-468416883.3,0,-479276016,906,60.06786227
1981,0,-482486065.1,-482593217.5,-14069181.8,-14176334.2,-0.02521563642,-0.02540768142,-107152.4061,-0.0001920450067,0.9339818011,0.9339818011,0.063055,0.09725,0,0,-468416883.3,-468416883.3,0,-479276016,907,60.08435249
1982,0,-482521530.7,-486366496.7,-14104647.4,-17949613.36,-0.0252792,-0.03217037998,-3844965.967,-0.006891179975,0.8783606855,26.12163931,1,158.84357,0,0,-468416883.3,-468416883.3,0,-479276016,908,60.09861279
1983,0,-479562988.7,-479438354.4,-11146105.4,-11021471.12,-0.01997672255,-0.01975334547,124634.281,0.0002233770777,0.9200290066,0.9200290066,0.046195,0.080015,0,0,-468416883.3,-468416883.3,0,-479276016,909,60.11538148
1984,0,-479529021.2,-476960917,-11112137.83,-8544033.719,-0.01991584382,-0.0153131327,2568104.112,0.004602711124,0.695742918,16.30425708,1,77.67676,0,0,-468416883.3,-468416883.3,0,-479276016,910,60.12980485
1985,0,-476777322,-476063733.6,-8360438.711,-7646850.265,-0.01498408265,-0.01370514638,713588.4465,0.001278936265,1.373889573,1.373889573,0.09158,0.18883,0,0,-468416883.3,-468416883.3,0,-479276016,911,60.14654613
1986,0,-477781728.8,-481379773.8,-9364845.518,-12962890.47,-0.01678424112,-0.02323287435,-3598044.95,-0.006448633231,1.318268458,13.68173154,1,79.189925,0,0,-468416883.3,-468416883.3,0,-479276016,912,60.16328144
1987,0,-479658151.7,-479587444.3,-11241268.41,-11170560.93,-0.02014727943,-0.02002055322,70707.47875,0.0001267262092,0.8670453824,0.8670453824,0.034195,0.068015,0,0,-468416883.3,-468416883.3,0,-479276016,913,60.1799047
1988,0,-479629793,-478245085,-11212909.71,-9828201.671,-0.02009645327,-0.01761469597,1384708.043,0.002481757294,0.5879794588,14.41202054,1,71.356865,0,0,-468416883.3,-468416883.3,0,-479276016,914,60.19636464
1989,0,-476450648.4,-475370042.5,-8033765.09,-6953159.137,-0.01439859847,-0.01246187129,1080605.954,0.001936727183,1.339093576,1.339093576,0.09158,0.171595,0,0,-468416883.3,-468416883.3,0,-479276016,915,60.21294665
1990,0,-477250391.2,-480730008.6,-8833507.91,-12313125.26,-0.0158319458,-0.02206832595,-3479617.351,-0.006236380142,1.13565069,13.86434931,1,61.45622,0,0,-468416883.3,-468416883.3,0,-479276016,916,60.23014665
1991,0,-480024893.2,-480132045.6,-11608009.84,-11715162.25,-0.02080457555,-0.02099662056,-107152.4061,-0.0001920450067,0.9339818011,0.9339818011,0.063055,0.09725,0,0,-468416883.3,-468416883.3,0,-479276016,917,60.24679232
1992,0,-480060358.8,-476484552.7,-11643475.44,-8067669.383,-0.02086813914,-0.01445936379,3575806.057,0.006408775344,0.8783606855,17.12163931,1,115.86852,0,0,-468416883.3,-468416883.3,0,-479276016,918,60.26112509
1993,0,-476410580.6,-475519132.3,-7993697.278,-7102248.947,-0.01432678652,-0.01272907904,891448.3313,0.001597707481,1.306953154,1.306953154,0.09158,0.159595,0,0,-468416883.3,-468416883.3,0,-479276016,919,60.27805233
1994,0,-476382221.9,-475149859.7,-7965338.584,-6732976.367,-0.01427596036,-0.01206724645,1232362.217,0.002208713915,1.027887231,20.97211277,1,116.217335,0,0,-468416883.3,-468416883.3,0,-479276016,920,60.29470158
1995,0,-478729278.3,-643037623.7,-10312395.01,-174620740.3,-0.01848249649,-0.3129658258,-164308345.3,-0.2944833293,1.154349604,342.9568926,1.821025,2319.630785,0,0,-468416883.3,-468416883.3,0,-479276016,921,60.31147599
1996,0,-468416883.3,-464808536.4,2.980232239e-07,3608346.874,5.341352017e-16,0.00646709696,3608346.874,0.00646709696,9.80499349,9.80499349,0.14113,0.33683,0,0,-468416883.3,-468416883.3,0,-479276016,922,60.3913126
1997,0,-468416883.3,-476337465.4,1.788139343e-07,-7920582.037,3.20481121e-16,-0.01419574498,-7920582.037,-0.01419574498,2.827010687,2.827010687,0.14113,0.20273,0,0,-468416883.3,-468416883.3,0,-479276016,923,60.57309341
1998,0,-471682128.3,-468432363.1,-3265245.019,-15479.73984,-0.005852169117,-2.774372364e-05,3249765.28,0.005824425393,1.648900054,1.648900054,0.047965,0.109565,0,0,-468416883.3,-468416883.3,0,-479276016,924,60.59438324
1999,0,-468724346.9,-475922928.5,-307463.6175,-7506045.142,-0.0005510548447,-0.01345278695,-7198581.524,-0.0129017321,1.178502755,15.82149724,1,64.809175,0,0,-468416883.3,-468416883.3,0,-479276016,925,60.61117768
